6.379831340686032767e-32
6.429407482032490876e-32
6.524649318203706740e-32
6.667981179167097963e-32
6.859436692599820045e-32
7.097999709506936380e-32
7.380278399838552586e-32
7.698145716921825054e-32
8.001948370740845043e-32
8.315037945975748284e-32
8.595248644662521401e-32
8.705547349814633001e-32
8.596737129137986314e-32
7.899525463255158004e-32
6.343176456243161088e-32
4.416616228076916757e-32
2.559880819363016811e-32
1.487244316039818241e-32
8.399898782655691942e-33
5.351932245863426290e-33
3.697229703055854943e-33
3.082850749170962913e-33
2.911205921734378779e-33
3.176387002391290699e-33
3.544266085049505839e-33
4.020970228672809360e-33
4.358468109924464069e-33
4.318186212451891069e-33
3.928442273297880670e-33
3.249533451050688011e-33
2.591675153978680852e-33
2.004776431557850953e-33
1.576255822546011523e-33
1.278183126812718872e-33
1.055497596333660840e-33
9.043560667136871215e-34
7.957324010948645119e-34
7.194003511275379088e-34
6.677018249872032252e-34
6.320528450067963346e-34
6.098553762540131019e-34
5.959644797121605034e-34
5.902587059675939978e-34
5.901307794780506311e-34
5.953732693314307063e-34
6.035311889425015186e-34
6.146151060155668973e-34
6.279058242806169401e-34
6.427179517023177848e-34
6.593162301613176095e-34
6.767165890268470024e-34
6.947476918667803629e-34
7.129750334188050115e-34
7.307067364869983779e-34
7.481560491094253082e-34
7.645921045659394916e-34
7.797988004271207678e-34
7.945239816381359933e-34
8.075833443913565145e-34
8.187384294898588707e-34
8.278427921538201495e-34
8.347772629666421767e-34
8.394511976322270784e-34
8.418035302045164629e-34
