2.415580444215673350e-32
2.421727447552981510e-32
2.434239442948439109e-32
2.456225610862706805e-32
2.491748645613054145e-32
2.546594436600150910e-32
2.628603730140267612e-32
2.747932112103979836e-32
2.887667833371585808e-32
3.075515555841304697e-32
3.326629125950387365e-32
3.584563486229036008e-32
3.906547078256310548e-32
4.282186510892695488e-32
4.682473272693571078e-32
5.142504786856744218e-32
5.585980357543213343e-32
6.009533115798000817e-32
6.293384206658519672e-32
6.299576903653106766e-32
5.805315761930757846e-32
4.689194580860027480e-32
3.174999466490150644e-32
1.907360051980201096e-32
1.159946624254744832e-32
7.539140021040721261e-33
5.515234537241448740e-33
4.726513118983471940e-33
4.502367165204474257e-33
4.642328165063936951e-33
4.943738429499800503e-33
5.244814026411388640e-33
5.419136521614799882e-33
5.337409289354647976e-33
4.955312662639342346e-33
4.385330696228950769e-33
3.769066824394485977e-33
3.209289787244024581e-33
2.760571202724514932e-33
2.409367922117638123e-33
2.142541639427449864e-33
1.952197944682596003e-33
1.814614098140449021e-33
1.714970015409626885e-33
1.650849172576031259e-33
1.606408265121222589e-33
1.579829710635099849e-33
1.568129670217803742e-33
1.566689968579900891e-33
1.575327212229459260e-33
1.589493565230375066e-33
1.607989527094713800e-33
1.629343440496250023e-33
1.651652009070552297e-33
1.675923284003647062e-33
1.699395135762153916e-33
1.721528708125166901e-33
1.744603939470622683e-33
1.765308779836573781e-33
1.783102900492385864e-33
1.797691547221930085e-33
1.808839195122558615e-33
1.816369180368956807e-33
1.820163652995362697e-33
