9.294054874266899381e-34
9.066426843157660384e-34
8.596249261734809835e-34
7.922625734076430614e-34
7.086085978275230609e-34
6.141250607188733859e-34
5.373601227467760217e-34
4.681780617937283488e-34
3.893356270761445817e-34
3.158581557471219425e-34
2.506487289733080909e-34
2.044352963819428834e-34
1.639280914700095226e-34
1.287566051977958723e-34
1.026899681538567633e-34
8.248223247028030301e-35
6.520284235362372139e-35
5.376580791373859988e-35
4.414190941774366208e-35
3.698840030629118474e-35
3.157643658976849900e-35
2.738830951275727195e-35
2.437537078983460577e-35
2.207382617149255240e-35
2.049270567181257510e-35
1.933376389524444485e-35
1.857272164477492978e-35
1.812827881909454497e-35
1.796770034946158336e-35
1.803068072129027092e-35
1.828460103617200875e-35
1.869195258616164650e-35
1.924284696361607462e-35
1.993570411410043495e-35
2.078539965544434909e-35
2.175444703201339120e-35
2.283881113488144991e-35
2.404060230699553382e-35
2.538337353114161090e-35
2.682227447183614037e-35
2.836051771752529265e-35
3.001295589031107065e-35
3.178120348272054580e-35
3.364743817215084897e-35
3.557615812758793404e-35
3.757100087754753695e-35
3.963795432920613660e-35
4.173990252893667778e-35
4.385912725721780139e-35
4.600565377999659865e-35
4.814481198676756766e-35
5.027722779077864572e-35
5.237495069282739562e-35
5.439442491791197687e-35
5.631445325587755309e-35
5.811471577627908497e-35
5.977497734863578102e-35
6.131264552055185137e-35
6.267161758407338135e-35
6.383227553823674403e-35
6.477972176869702150e-35
6.550156987073700504e-35
6.598824810033558177e-35
6.623323782256467476e-35
