1.278574251731911190e-31
1.200237443761091762e-31
1.051064735857793755e-31
8.514241084908893043e-32
6.346237759465997920e-32
4.382709850438859358e-32
3.095876361102137772e-32
2.258477300441027197e-32
1.708211181277159757e-32
1.417986237540020912e-32
1.348377065291127891e-32
1.467488258457899937e-32
1.717059630935306272e-32
2.093960507669943279e-32
2.563471977468950342e-32
3.149839743311504233e-32
3.738662642335584070e-32
4.334331391563974755e-32
4.746189121499739360e-32
4.898172707412638469e-32
4.914958319915746457e-32
5.008750780731608958e-32
5.137646105471710471e-32
4.420991377100294724e-32
2.953553763106868173e-32
1.721473488537042671e-32
1.076016263533851162e-32
7.353558694695663874e-33
5.738757256617493256e-33
5.018463685570986276e-33
4.832286879566659131e-33
4.943368318094232143e-33
5.210417380774068667e-33
5.511352625264669021e-33
5.614292571565580261e-33
5.528276036784377770e-33
5.178203286806656120e-33
4.723886944335528668e-33
4.170533381101786158e-33
3.698301606364831055e-33
3.281706885636103885e-33
2.959493775553990620e-33
2.703861887361247760e-33
2.520210976170442588e-33
2.380915382255910639e-33
2.289687349066597573e-33
2.224765365724698568e-33
2.182694343971476901e-33
2.156796700675205044e-33
2.147092304392677797e-33
2.149986335635352591e-33
2.161168438023046879e-33
2.178120569458300954e-33
2.198385242927340223e-33
2.221489157980444845e-33
2.244614055135676293e-33
2.266968556801375645e-33
2.297991147626028984e-33
2.326418507716506805e-33
2.350528902263128376e-33
2.370097714367138441e-33
2.384940313066406980e-33
2.394915278845575488e-33
2.399926904935692305e-33
