6.745808960595688563e-32
6.511893146060329425e-32
6.064040815582075464e-32
5.414868833271834715e-32
4.605498416267783855e-32
3.704964385935153676e-32
2.804068202262374373e-32
1.993341625026989306e-32
1.425387917686310589e-32
9.781962069328248180e-33
6.491204748207477653e-33
4.559640682079932280e-33
3.261640837492651080e-33
2.519442865310068075e-33
2.218621247630250348e-33
2.176691702007641586e-33
2.400894654352517467e-33
2.783880639243471318e-33
3.248130815418351827e-33
3.668607203702385706e-33
3.905993875241206609e-33
3.752867835200505548e-33
3.205478330786605794e-33
2.464283582060394826e-33
1.794747312264588231e-33
1.283326038866261748e-33
9.276404166171126082e-34
6.944748142191480538e-34
5.359470013060168904e-34
4.274317253423579092e-34
3.529530306331366598e-34
3.011559483870681120e-34
2.645942371777174888e-34
2.389702537063963245e-34
2.219276452373043901e-34
2.107029141381050098e-34
2.035795082993164459e-34
1.996779656858234439e-34
1.990149320283278466e-34
2.003703308942235795e-34
2.033206484450731095e-34
2.077007237041255701e-34
2.132667584785157991e-34
2.197288020396565835e-34
2.273099038641033537e-34
2.354518280302121143e-34
2.442583449236117848e-34
2.535230939229052543e-34
2.630792115375744332e-34
2.730757757849130818e-34
2.831747726093344628e-34
2.932819421294944892e-34
3.032395818152219165e-34
3.128274267927963269e-34
3.220559467114479427e-34
3.306917486251201752e-34
3.386393124658705998e-34
3.462012499522926868e-34
3.528874558674950434e-34
3.585904344628348277e-34
3.632404599988316139e-34
3.667799707461048672e-34
3.691647188526914081e-34
3.703646794510454057e-34
