2.222593896944694010e-31
2.222960938398121095e-31
2.221861884352246003e-31
2.221195690683113716e-31
2.222857711970550613e-31
2.230590191161412429e-31
2.250813436551620301e-31
2.292643879973874412e-31
2.342373653543836436e-31
2.414731913527720751e-31
2.497016259192848864e-31
2.537608385141876033e-31
2.515112434219737050e-31
2.413076039357243537e-31
2.251825461210879604e-31
2.030542903895296716e-31
1.716297408356777105e-31
1.305039305820589598e-31
9.573825760975915703e-32
7.416740572051713481e-32
6.366985675855621816e-32
6.010189285181020448e-32
6.048985784281692564e-32
6.299344325215852892e-32
6.565941645126841790e-32
6.725495166159218762e-32
6.510059281726046802e-32
5.923593337982326241e-32
5.297815276113827757e-32
4.570341545510183404e-32
3.573044235674843268e-32
2.503522653170146431e-32
1.673479480998508082e-32
1.174172547959821325e-32
9.120081239308309104e-33
7.820258162481845891e-33
7.234951523848357775e-33
7.019702705202235699e-33
6.917938775694887485e-33
6.858571083168010720e-33
6.760789815430086255e-33
6.567125653776983732e-33
6.318137128612613375e-33
6.032600827717570173e-33
5.733574872464986054e-33
5.457151166250573795e-33
5.220337713548785451e-33
5.030474593706338269e-33
4.878783650705740710e-33
4.769548747967775558e-33
4.687793954093067020e-33
4.632661432754217854e-33
4.598283218424980570e-33
4.576561677732945560e-33
4.574103951900104956e-33
4.577464636938927078e-33
4.584684735665711363e-33
4.604269095285424521e-33
4.623881325677948027e-33
4.641789490250348116e-33
4.657120199233790072e-33
4.669194973842558725e-33
4.677516319263383897e-33
4.681757823540195374e-33
