2.648864233709954818e-37
2.651068841251361963e-37
2.656009714360244429e-37
2.663618748437096243e-37
2.674123970172037857e-37
2.687814749898068685e-37
2.705030629452462221e-37
2.726148935202485386e-37
2.753772061011150123e-37
2.786857362323024718e-37
2.825527485985127050e-37
2.876592764643762562e-37
2.936823807707885731e-37
3.006409777666054669e-37
3.087908861579472265e-37
3.180388206544465380e-37
3.287404558837768767e-37
3.411675252943117923e-37
3.555188078176550552e-37
3.717457771161444355e-37
3.898069968287074353e-37
4.100646482806119108e-37
4.324908012439459953e-37
4.574713643741969902e-37
4.857739109369632063e-37
5.170935769043668166e-37
5.514480765205491630e-37
5.892653314759695880e-37
6.308534799720458413e-37
6.764157956538790233e-37
7.260368102340634905e-37
7.798713077557667252e-37
8.385627396968842563e-37
9.025558884549464412e-37
9.723644463274363041e-37
1.047207602850876904e-36
1.127329082218085362e-36
1.212931270299901625e-36
1.304815708526534465e-36
1.402551423680731978e-36
1.506021251321424047e-36
1.614873128326318840e-36
1.729359056153610656e-36
1.848983377699450447e-36
1.971533924661776212e-36
2.098138358806742500e-36
2.228562171906677808e-36
2.360442500442405632e-36
2.493088456322231679e-36
2.627134163126707075e-36
2.760873221208486116e-36
2.892461990522580703e-36
3.020699620090260380e-36
3.144231268456051489e-36
3.260373798226524748e-36
3.369420628519565004e-36
3.470112613467436680e-36
3.562954010604290586e-36
3.645047622895600124e-36
3.715215810871282885e-36
3.772530723295783367e-36
3.816220024766082459e-36
3.845686354214601635e-36
3.860522635103686578e-36
