5.377759302551002160e-36
5.316073773336116451e-36
5.193221848409917741e-36
5.016914067533950418e-36
4.795909729186613860e-36
4.540658583019183523e-36
4.289112823187993243e-36
4.035837560735045380e-36
3.772611528509522469e-36
3.513195000028295709e-36
3.264624773711862870e-36
3.059245722999853417e-36
2.870955954649041081e-36
2.702735168465075772e-36
2.569710490423378389e-36
2.459389810612213293e-36
2.368209006995439106e-36
2.307270921399439416e-36
2.268643113230287381e-36
2.253440474986906749e-36
2.257819869537765866e-36
2.281239099244531706e-36
2.321900564021030938e-36
2.379455595499495568e-36
2.457120873171757159e-36
2.550897357304491689e-36
2.661558397864077201e-36
2.790188237655403596e-36
2.938079570847458786e-36
3.104200019511138303e-36
3.289430475189952191e-36
3.493039190535138175e-36
3.716848480085036124e-36
3.962712045435281770e-36
4.235192635601994250e-36
4.528154450482316220e-36
4.842907856122634973e-36
5.180875938324541703e-36
5.546020472369692811e-36
5.931396301176081640e-36
6.337492417544793829e-36
6.774278602980334793e-36
7.234016216580465739e-36
7.714381387306560208e-36
8.207923019046840222e-36
8.717430127450870850e-36
9.242498449098119425e-36
9.773091341972951213e-36
1.030629172675805623e-35
1.085085296155597576e-35
1.139646303834834084e-35
1.193534571697055244e-35
1.246201932726322895e-35
1.296931569027924391e-35
1.344654395502348967e-35
1.389455947341882881e-35
1.430820208953287163e-35
1.469005516487666920e-35
1.502771329631586944e-35
1.531630681985190053e-35
1.555202672953876148e-35
1.573170267237774253e-35
1.585288268381049557e-35
1.591389591941650509e-35
