9.652583992922455679e-32
9.498918000642539078e-32
9.201291506319403041e-32
8.809563572640318367e-32
8.393206528147329791e-32
8.046684848052347479e-32
7.938389612980177121e-32
8.109053687925386341e-32
8.436244826420538568e-32
9.076162710794580980e-32
1.005630478870365535e-31
1.115440533875858500e-31
1.249168716345682004e-31
1.403024588685240446e-31
1.560105466824819977e-31
1.726826196655382284e-31
1.880058741696332398e-31
2.028735430081242725e-31
2.160828190984643041e-31
2.273907024115539605e-31
2.361612335450259962e-31
2.383645600841079752e-31
2.314155003431302647e-31
1.995105568825311514e-31
1.418839610043629498e-31
1.100950551522473984e-31
9.518861216452859741e-32
8.526093519054777202e-32
7.942080868227686743e-32
7.667424022775935499e-32
7.533848926801130778e-32
7.408418397268868699e-32
7.094687529798940891e-32
6.327613913831865034e-32
4.913786233885575727e-32
3.629868551899232873e-32
2.653372268394738564e-32
2.029638159764792388e-32
1.600515653527159956e-32
1.344462823644415342e-32
1.182098143907958602e-32
1.088032152470720350e-32
1.030957991498159500e-32
1.002771806210361079e-32
9.857772878134117470e-33
9.823763763423772274e-33
9.847626440802794444e-33
9.907768953318701168e-33
9.985116249844275675e-33
1.005164509926808745e-32
1.011689099816235050e-32
1.017841185328426684e-32
1.023481282224931683e-32
1.028485086245702565e-32
1.034129871652239420e-32
1.038994260841410585e-32
1.043077155609358189e-32
1.051640226871446180e-32
1.059714464944685513e-32
1.066539460594409160e-32
1.072063657378261156e-32
1.076244759120657946e-32
1.079050416299989726e-32
1.080458758595486707e-32
