6.603226589759875549e-35
6.580215290616293581e-35
6.525000415047464601e-35
6.443239093097204828e-35
6.336170768699826071e-35
6.205393269963231237e-35
6.052818757688500572e-35
5.880622115928085413e-35
5.621285524735549503e-35
5.388990951199459283e-35
5.218153184878409288e-35
4.993374695509357641e-35
4.752037879614183669e-35
4.485159612131710810e-35
4.101371439307508091e-35
3.635909670290194613e-35
3.187089507353179435e-35
2.781335825956594778e-35
2.573951654524642485e-35
2.450687420107419438e-35
2.327242911688119805e-35
1.868613279005288783e-35
1.252800139011808040e-35
9.408904353116647201e-36
8.301996906414933165e-36
8.082534398986367783e-36
7.991213635769569624e-36
8.063795951396938482e-36
8.240686370374473196e-36
8.478963154417767643e-36
8.786293985511460459e-36
9.142291474592091981e-36
9.525692037754831174e-36
9.932127169376928374e-36
1.045582077599173231e-35
1.106833757880885328e-35
1.174636226887174173e-35
1.248148578757078572e-35
1.329316027256304365e-35
1.415490556660637643e-35
1.506441798891698763e-35
1.602270114065948990e-35
1.703648570016372684e-35
1.809872235488573053e-35
1.919362880851778899e-35
2.032673992165303760e-35
2.150245641996308754e-35
2.270315361510779813e-35
2.391798427197854112e-35
2.514877985649488964e-35
2.637677760247863787e-35
2.758734545127267941e-35
2.876850038505351407e-35
2.990507462156148707e-35
3.097494113616762902e-35
3.197839282534553958e-35
3.290408809006075435e-35
3.376261232951378674e-35
3.452165081422240459e-35
3.517010771052365765e-35
3.569956747785423423e-35
3.610303021854884523e-35
3.637508493510610595e-35
3.651204573849500995e-35
