5.804423981908450538e-31
5.799766907111821761e-31
5.785126080751901353e-31
5.760842439782636977e-31
5.723916059830088273e-31
5.669957170538131765e-31
5.592742989023895773e-31
5.483351142065354680e-31
5.331889597759161136e-31
5.143022593954816415e-31
4.877909131519056679e-31
4.450000376780503852e-31
3.856495366947177459e-31
2.957794517682984793e-31
2.015904871812566075e-31
1.437041303439105679e-31
1.186638187765268853e-31
1.187863901464602170e-31
1.292098825275124839e-31
1.446409857621365386e-31
1.622506593047619552e-31
1.776989381278583616e-31
1.918160570632405053e-31
2.026408555235199573e-31
2.085201197016710860e-31
2.095371357856660672e-31
2.032808320217515374e-31
1.897839967836661422e-31
1.720142287746232649e-31
1.451859245718709310e-31
1.146162266481562594e-31
9.115220128008448792e-32
7.766728355598234696e-32
7.043920279574894122e-32
6.557060328470674168e-32
6.088890054247251255e-32
5.415837675566277254e-32
4.515690525909468569e-32
3.601989217573369065e-32
2.822236006066912582e-32
2.273630766303631684e-32
1.877892372644377089e-32
1.624281960113374789e-32
1.459198193351049568e-32
1.356495503114993281e-32
1.293584826145925012e-32
1.257437377091117074e-32
1.240958492065597059e-32
1.238942557289343558e-32
1.246051773897832064e-32
1.259727413785648002e-32
1.275808824055654710e-32
1.293327749945018278e-32
1.311612090062107903e-32
1.329806352668098720e-32
1.347392535193586703e-32
1.363474183804434571e-32
1.379331535288008692e-32
1.393332794504790358e-32
1.405169294441323010e-32
1.414716379800160991e-32
1.421906767012023881e-32
1.426709174526914177e-32
1.429111922175533967e-32
