5.838865727560434502e-34
5.840880893578204023e-34
5.845943565593129209e-34
5.891587493661478366e-34
6.027940460259138534e-34
6.331100915657843004e-34
7.019744721745202867e-34
8.207706302706447829e-34
9.630998900286924112e-34
1.172140459152511747e-33
1.473871822964671960e-33
1.825906958499632908e-33
2.240397127490145297e-33
2.635121675973596633e-33
2.949283822150967852e-33
3.151277292868595088e-33
2.929659960115077497e-33
2.620881398240301935e-33
2.041237750018963866e-33
1.507269061700053210e-33
1.092676142536741323e-33
7.715970161844242571e-34
5.675450329699963876e-34
4.190405513939666451e-34
3.221043477166492605e-34
2.522608116169044522e-34
2.053965349217837549e-34
1.701719778554389559e-34
1.456632705984565115e-34
1.279701362705411280e-34
1.154268412154649173e-34
1.069096894021573951e-34
1.010165553696492470e-34
9.736640048032237438e-35
9.534998331298827885e-35
9.492130979562737420e-35
9.549894070655020370e-35
9.699645674898731017e-35
9.926042937502188494e-35
1.021544431762377512e-34
1.056204673498385964e-34
1.097682505309180826e-34
1.142968478712485241e-34
1.191576189894868827e-34
1.244630568575713209e-34
1.300001677567281114e-34
1.358828539143297874e-34
1.419469660564554569e-34
1.481099775589521423e-34
1.544579582259187573e-34
1.608242541992085432e-34
1.672004338843491668e-34
1.734892401712590618e-34
1.795339508224372916e-34
1.852757121308685634e-34
1.906492250536332209e-34
1.955957945069324652e-34
2.002337043820563270e-34
2.043303940191434944e-34
2.078241067462850003e-34
2.106725770190675671e-34
2.128407423880818682e-34
2.143015547271916451e-34
2.150366160889987383e-34
