3.429857595522325175e-32
3.283581639842865570e-32
3.004496078747672508e-32
2.621119076661350909e-32
2.174372786845407071e-32
1.712171838053328258e-32
1.338865417079938807e-32
1.025554515201715794e-32
7.557426689735373491e-33
5.380588503150086833e-33
3.715519862575374341e-33
2.764166639054222758e-33
2.038586942416322543e-33
1.510976859714519668e-33
1.255244478218751861e-33
1.158180702681255276e-33
1.170706760196057493e-33
1.409262949779447820e-33
1.770373018276525476e-33
2.269984843880581908e-33
2.859333441671918032e-33
3.230798177682462257e-33
3.313483888325323519e-33
2.852797677687487204e-33
2.205189080221750719e-33
1.585146014729237390e-33
1.176485923344091249e-33
8.754491610358656874e-34
6.872940782189530205e-34
5.587601755678314046e-34
4.687488542330138603e-34
4.059178151278299666e-34
3.596653674701257316e-34
3.274815623658933817e-34
3.036741357483902649e-34
2.882724866502267082e-34
2.774661607006262031e-34
2.713048790721643911e-34
2.683806120502171715e-34
2.684405686820499829e-34
2.706917355882041785e-34
2.752358990040347456e-34
2.811211369762770032e-34
2.882264223638626846e-34
2.966019586338895058e-34
3.058562082057024156e-34
3.161315170760483356e-34
3.269306392397334584e-34
3.380908104485107321e-34
3.498564181102755602e-34
3.618172107770898218e-34
3.739061782586265704e-34
3.858999664480402836e-34
3.974711276657221383e-34
4.086390340286719611e-34
4.191009219960753331e-34
4.287364021341835133e-34
4.379970004055946633e-34
4.461885350471769001e-34
4.531662353798494037e-34
4.588497578144211317e-34
4.631726016371097876e-34
4.660835555729070260e-34
4.675478290379884015e-34
