4.653026743305309532e-32
4.700614158835204820e-32
4.792926948533244842e-32
4.932513511905264109e-32
5.120378143656978422e-32
5.357316125503112564e-32
5.643431585592033941e-32
5.977289728925714084e-32
6.323543488120730040e-32
6.710894916063397669e-32
7.125656285756467025e-32
7.491479350900016557e-32
7.778685749923605584e-32
7.864962611827431925e-32
7.534450435265148570e-32
6.364207602151195628e-32
4.336829213940623836e-32
2.741247873031436830e-32
1.560129922762561816e-32
8.740256432556255591e-33
5.779576537091178953e-33
3.970456305310252227e-33
3.146488952961486572e-33
2.955292072486044522e-33
3.027727391943511501e-33
3.446713666308052442e-33
3.960028656454206189e-33
4.351931719567347357e-33
4.525814865002504033e-33
4.251721097140983279e-33
3.805841562017733081e-33
3.104011078074040964e-33
2.536540023954621136e-33
2.028116786480097344e-33
1.648414409780766370e-33
1.367500124115994041e-33
1.163497854777022507e-33
1.025771034812646516e-33
9.225387177329194782e-34
8.577466712074891254e-34
8.101220841669072576e-34
7.792222474939965355e-34
7.598087138995953990e-34
7.482806286481335336e-34
7.473964173191430503e-34
7.512976051404148581e-34
7.602042578381563370e-34
7.808683939685136457e-34
8.016555236860233143e-34
8.236840744172220083e-34
8.458527610681828494e-34
8.684387058867715096e-34
8.909311801785003903e-34
9.123660696546764491e-34
9.327468545609417910e-34
9.517447241186139317e-34
9.691708608640101263e-34
9.856717061335375747e-34
1.000250689058304577e-33
1.012679639990206937e-33
1.022809519373108882e-33
1.030517553937577789e-33
1.035709541714583581e-33
1.038321650408722625e-33
