5.005203923057027282e+01
5.047011790647002272e+01
5.131575257173434323e+01
5.260821189218605554e+01
5.437719602039636158e+01
5.666382736434059098e+01
5.952202986763838055e+01
6.302034931380719485e+01
6.724428354967618304e+01
7.229921011273583531e+01
7.831402000246272621e+01
8.544559069700402176e+01
9.388425937633074625e+01
1.038604889689254804e+02
1.156529552269637833e+02
1.295983224332498196e+02
1.461030180441056245e+02
1.656573615124846128e+02
1.888524478793286505e+02
2.164002295946787342e+02
2.491572762038186397e+02
2.881527150625165064e+02
3.346208590823401892e+02
3.900389991245084502e+02
4.561707657324112120e+02
5.351153311137198898e+02
6.293625084380214503e+02
7.418534899375540590e+02
8.760465248845284805e+02
1.035986250500441429e+03
1.226374633509964497e+03
1.452640544529236422e+03
1.721003870789096254e+03
2.038528791846283639e+03
2.413159439898312939e+03
2.853729715244887757e+03
3.369937641205192904e+03
3.972273477498055854e+03
4.671890066757803652e+03
5.480403804452670556e+03
6.409615463098706641e+03
7.471142136374779511e+03
8.675955038138747113e+03
1.003382296551884974e+04
1.155266796473617796e+04
1.323784800288863516e+04
1.509139091178624585e+04
1.711121394662291277e+04
1.929037315500467957e+04
2.161639531902889939e+04
2.407075130127671582e+04
2.662853194568922845e+04
2.925838512680161875e+04
3.192276427543093814e+04
3.457852438639038883e+04
3.717788142025702837e+04
3.966972616339134402e+04
4.200125576293942140e+04
4.411985769908100337e+04
4.597515471489692573e+04
4.752109813432617375e+04
4.871798375177773414e+04
4.953426113711357175e+04
4.994801487474804890e+04
