4.275681427217627057e-31
4.241664768838976230e-31
4.167560572287932405e-31
4.050324654027221779e-31
3.882489349857254073e-31
3.654820839310652649e-31
3.442489741248599162e-31
3.227503580458349556e-31
2.971627642015962341e-31
2.737812214069147915e-31
2.595424185345052147e-31
2.581443971710834352e-31
2.622216778926888890e-31
2.670010773742357897e-31
2.665533837995719491e-31
2.585378263162165824e-31
2.399636841149124301e-31
2.170486160585947175e-31
1.913920618091609351e-31
1.727553061492883576e-31
1.666911387547364175e-31
1.716767331156547477e-31
1.845858943505180110e-31
2.027471472746727066e-31
2.237778101238275422e-31
2.496503034126828187e-31
2.779554541563246495e-31
3.076219440321500352e-31
3.374079761984066447e-31
3.674895277595531307e-31
3.962381636990600424e-31
4.169545936646069102e-31
4.193078982666716731e-31
4.021167139669448717e-31
3.620197173510695391e-31
2.882886305257099639e-31
2.348842990258158678e-31
2.136866891518346613e-31
1.981733108163763932e-31
1.831334562646572067e-31
1.663339057915060667e-31
1.489326565919337423e-31
1.317653986470046801e-31
1.169854346450470396e-31
1.042192404454999356e-31
9.429779885925478931e-32
8.607756140485846595e-32
7.925425110110130997e-32
7.307807455548888439e-32
6.758238222086361201e-32
6.324061124627308864e-32
5.975522810893180316e-32
5.704553336576489551e-32
5.515054601672189258e-32
5.369766768817743928e-32
5.258111340692115019e-32
5.171250761766627315e-32
5.183097379963472427e-32
5.205646548345002207e-32
5.224770528895014974e-32
5.240291196245344165e-32
5.252062561760917119e-32
5.259973058126478421e-32
5.263947303731987319e-32
