-9.996988186962042500e-01
-9.972904566786902070e-01
-9.924795345987099671e-01
-9.852776423889412216e-01
-9.757021300385284590e-01
-9.637760657954398402e-01
-9.495281805930366748e-01
-9.329927988347388457e-01
-9.142097557035306910e-01
-8.932243011955154355e-01
-8.700869911087113495e-01
-8.448535652497071169e-01
-8.175848131515838224e-01
-7.883464276266062276e-01
-7.572088465064845675e-01
-7.242470829514667807e-01
-6.895405447370669405e-01
-6.531728429537768665e-01
-6.152315905806267082e-01
-5.758081914178453387e-01
-5.349976198870970423e-01
-4.928981922297839824e-01
-4.496113296546067062e-01
-4.052413140049901386e-01
-3.598950365349881664e-01
-3.136817403988914066e-01
-2.667127574748983099e-01
-2.191012401568698531e-01
-1.709618887603012449e-01
-1.224106751992161540e-01
-7.356456359966755121e-02
-2.454122852291236445e-02
2.454122852291226384e-02
7.356456359966745406e-02
1.224106751992162789e-01
1.709618887603011339e-01
2.191012401568697698e-01
2.667127574748984209e-01
3.136817403988913511e-01
3.598950365349880554e-01
4.052413140049898610e-01
4.496113296546064286e-01
4.928981922297840934e-01
5.349976198870971533e-01
5.758081914178452276e-01
6.152315905806269303e-01
6.531728429537767555e-01
6.895405447370670515e-01
7.242470829514670028e-01
7.572088465064844565e-01
7.883464276266063386e-01
8.175848131515837114e-01
8.448535652497072279e-01
8.700869911087114605e-01
8.932243011955153245e-01
9.142097557035306910e-01
9.329927988347389567e-01
9.495281805930366748e-01
9.637760657954399512e-01
9.757021300385285700e-01
9.852776423889412216e-01
9.924795345987099671e-01
9.972904566786902070e-01
9.996988186962042500e-01
