3.695459072633417877e-31
3.732054870272861851e-31
3.801881000133657190e-31
3.909482216749381613e-31
4.057506120211386519e-31
4.247966952637808683e-31
4.480686178750497197e-31
4.747679820453791645e-31
4.983924215384281703e-31
5.228470729279595448e-31
5.473736976731937181e-31
5.641560983510551215e-31
5.787267566844977618e-31
5.892973428548775807e-31
5.909767438501165243e-31
5.867210606369755088e-31
5.778550067568925508e-31
5.670831965186936971e-31
5.578858896819234224e-31
5.539528179234673687e-31
5.456978503910551151e-31
5.141730488149626874e-31
4.346335908449848780e-31
3.504755623622596310e-31
3.147364674843991136e-31
2.842394850708169524e-31
2.174102642622943987e-31
1.724224254520104682e-31
1.711838231304728052e-31
1.712636116534888911e-31
1.691546250749752454e-31
1.657440595272513889e-31
1.599751422086010449e-31
1.501226291077180257e-31
1.225574694470052213e-31
9.102745319828340233e-32
7.710214247894458982e-32
7.055900280700712487e-32
6.659801482210847674e-32
6.389336789863788713e-32
6.182063551854290212e-32
5.862933734041861301e-32
5.342004856122912029e-32
4.565168824328638035e-32
3.767308793895136586e-32
3.227552617782613281e-32
2.854699097964911371e-32
2.605133709549612262e-32
2.439847883136821704e-32
2.318735711951269191e-32
2.234153588875433643e-32
2.183493841581188127e-32
2.151689545348996725e-32
2.133974950077818806e-32
2.128424846738425656e-32
2.131283331428748120e-32
2.138270861508527706e-32
2.148688812322849421e-32
2.160250896143390823e-32
2.171658302499521545e-32
2.181918681358221114e-32
2.190263541153208987e-32
2.196131633110992700e-32
2.199156218250162377e-32
