### Python commend arguments with optimized SVD truncation and snapshot start/end ratio ###

2.9 0.005 256(128,64,32) 3 1 6 14 15
2.9 0.01 256(128,64,32) 3 1 6 14 15
2.9 0.025 256(128,64,32) 3 1 6 14 15
2.9 0.05 256(128,64,32) 3 1 6 14 15
2.9 0.1 256(128,64,32) 3 1 6 14 15

2.25 0.005 256(128,64,32) 3 1 6 14 29
2.25 0.01 256(128,64,32) 3 1 6 14 29
2.25 0.025 256(128,64,32) 3 1 6 14 35
2.25 0.05 256(128,64,32) 3 1 6 14 35
2.25 0.1 256(128,64,32) 3 1 6 14 35

1.9 0.005 256(128,64,32) 3 1 6 14 71
1.9 0.01 256(128,64,32) 3 1 6 14 71
1.9 0.025 256(128,64,32) 3 1 6 14 71
1.9 0.05 256(128,64,32) 3 1 6 14 71
1.9 0.1 256(128,64,32) 3 1 6 14 71

1.4 0.005 256(128,64,32) 3 1 6 14 39
1.4 0.01 256(128,64,32) 3 1 6 14 39
1.4 0.025 256(128,64,32) 3 1 6 14 39
1.4 0.05 256(128,64,32) 3 1 6 14 39
1.4 0.05 256(128,64,32) 3 1 6 14 39

0.9 0.05 256(128,64,32) 3 1 5 5 8
0.9 0.01 132 3-nstep=5000 1 5 2 1
0.9 0.01 132 3-nstep=15000 1 5 6 65
