0.0022601794137520722 0.00061474171374098953
0.057946151957390183 0.03212706131927514
0.30977949155149041 0.18754124385139411
0.92544181520255896 0.36500814879820113
2.0493510495993213 0.29510536795114503
3.7923433616365785 0.1029129158768592
6.1943120506153151 0.015422124756486588
8.9082498474213623 0.0012683957328978125
-32.361393954493046 50.299604831218724 -28.299755740840084 15.343464910946008 -6.7538387267162528 2.1920210126481039 -0.47783648165259162 0.057734148889138599 
-5.3274187412589756 -5.0937527335433248 14.842801921582557 -6.3308197192366039 2.5545570315656212 -0.79412745207825888 0.16887171311832121 -0.020112020149336286 
1.3636990966608054 -6.7530427103794553 -0.40277788263461001 7.5971241462415305 -2.345105903706355 0.65729905333713075 -0.13252638099709933 0.015330581478053018 
-0.77938040742072906 3.0362234132066872 -8.0082827261306705 2.0640559787550065 4.486588895094219 -0.95250494844867711 0.17219464887795468 -0.018894853933790695 
0.77298002578248072 -2.7604566254092783 5.5698587267132863 -10.108991309406212 4.1316989603352006 2.7312386428753832 -0.3732653819012166 0.036936961010355618 
-1.2639079627325809 4.3232334267935852 -7.8649846263547774 10.812146910048506 -13.759821491257358 6.2414744434305828 1.6359950888874927 -0.12413578881544972 
3.5113956365430576 -11.716694576808522 20.210028869297067 -24.911166976702894 23.966277802074963 -20.850271753537463 8.86334163303056 0.92708936610323114 
-20.07805071804829 66.037741735564998 -110.63984049255575 129.361868087016 -112.2360449696545 74.871244224346598 -43.874271421788681 16.557353555119631 
