0.0055556405939560374 0.0023437521500942139
0.13515422758605122 0.10293442533976129
0.68031805402181734 0.40354885517572904
1.9400837366648828 0.38581820003693019
4.1915106919233629 0.099365498855810511
7.6720376188385802 0.0059892684416747492
-20.178890834164224 30.003546543071412 -14.023198441577296 5.3441668652094451 -1.2899724742049884 0.14434834166565081 
-3.8797553212760888 -2.4112339385664689 8.2755558757298706 -2.4711393176038839 0.54481318050214374 -0.058240478785572752 
1.2668020256431655 -5.7813212231887708 1.3523214460822436 3.7277393407211789 -0.62566237817486042 0.060120788917043247 
-1.0766385587225291 3.8499528073304351 -8.3133063965334641 3.9214782585140837 1.7453342517242331 -0.12682036231275869 
1.9918722004327986 -6.5057427827453768 10.694473258202821 -13.377338581328192 6.527611276120204 0.66912462931774572 
-9.5361121154531055 29.754505829898347 -43.966566456994325 41.587098356064581 -28.627639405529659 10.788713792014162 
