0.0094744691268020601 0.0051635638422637785
0.22053975179009048 0.19259229247048785
1.065857136751423 0.52464172625325671
2.9816956580653753 0.25786173441674512
6.5170032662704747 0.019740683017246541
-15.104800980936069 21.561695389914909 -8.4782576947162557 2.3005376143940658 -0.27917432865664934 
-3.3464038061454897 -1.1580224442480288 5.5494875640063542 -1.1746979562930776 0.12963664268024178 
1.3489884042722647 -5.6893027792564091 2.3667231061278176 2.1534362269912115 -0.17984495813488466 
-1.6372070299577235 5.3864798089981616 -9.6317382841074088 5.1824147115973088 0.70005079346966199 
5.9407703539899422 -17.774591160365173 24.052706254551971 -20.932571055635712 8.7136856074589717 
139.1388349050754 -285.06466084387513 198.77999284763529 -60.568853135962212 7.7146862271266525 
64.601533857951369 -111.01756370601667 49.511838474893837 -3.1891338735157558 0.093325246687220436 
-2.7388533960135966 37.005924382278123 -62.475500178150899 29.807815137329771 -1.5993859454433983 
-10.6145982385543 28.73110716481966 -12.100337819005112 -18.63171806198491 12.615546954724661 
88.23058508817783 -255.80174280159954 319.12360742364502 -204.53839675130039 52.985947041077079 
