0.0098082429964163734 0.0054350948110145241
0.22788245006880138 0.20066532372396497
1.1010125099383012 0.53232176146891167
3.0921781976430063 0.24600141349301797
6.8881005857101452 0.01557640650309086
-16.260843597821531 23.17818922025575 -9.0468760760942865 2.4088909163276097 -0.2793604626675419 
-3.6170250340620285 -1.2181314305166636 5.9379787441549731 -1.2326248167247772 0.12980253714849625 
1.4689344200310144 -6.178319936929692 2.6185473028227922 2.2713135502150706 -0.18047533613918531 
-1.8090483772493477 5.9318743551273626 -10.50524953440473 5.6764672581369277 0.7059562983897869 
6.7348443584885978 -20.052743245036762 26.796416275875747 -22.662477856706057 9.1839604673784751 
161.05042675785736 -329.34531387353231 228.25989946625129 -68.283911178796242 8.3188988282199083 
75.048469419431371 -128.95365142177294 57.465691031110536 -3.6631096724833227 0.10260064371435573 
-3.0168901073503553 42.487194814398601 -71.816017995485141 34.084650541493672 -1.7389372530567765 
-12.985106038455345 35.264254612931331 -16.634518691794887 -19.306729806220601 13.662099923539503 
105.2292648844052 -303.62303163737451 374.33783080813542 -234.97003652078744 59.025972465621327 
