0.0024483409748454819 0.000692744249755156
0.062639106157008409 0.035899918089297841
0.33419920863469866 0.20486245976693026
0.99809613926900059 0.38059549208900479
2.2165206798970189 0.28286718360033173
4.1353373562684859 0.085002214921442463
6.8829104253846759 0.0096526885628588223
10.329483796611555 0.00042729872037894055
-34.046119701814038 52.826479134653049 -29.472627335796631 15.67629666989884 -6.6551978733299647 2.025443065505928 -0.39326118365061633 0.038987224533432699 
-5.6339585793192039 -5.3097108285703237 15.520474856861311 -6.49234896063614 2.5257797807069569 -0.73593628856109869 0.13929485806031473 -0.01359483854181596 
1.457058386021684 -7.1945083835587115 -0.30081151118111721 7.8626633504410529 -2.3386861643768008 0.61391508006514963 -0.11003789908458948 0.010407141673332507 
-0.84895883903517881 3.2967273558720555 -8.6130058015386441 2.3855835164747701 4.5515998497577881 -0.90399572777342493 0.14501218624843451 -0.012962540005800398 
0.87037608253274041 -3.097272913320241 6.1867108697657244 -10.991751203480128 4.6609067695270538 2.6677779415644425 -0.32260994295300906 0.02586239636341684 
-1.50503386575119 5.1274858098394257 -9.2273380568513991 12.403648484997521 -15.157582266527232 6.9698903694159078 1.479026010932664 -0.090096486055697938 
4.605389836171574 -15.295314722066701 26.065706694051187 -31.357877245718518 28.887974274718854 -23.309603993900607 9.6886461089593512 0.71507904778485883 
-30.736666457048124 100.49547691232917 -165.96167513040737 188.70412520080103 -155.90399091221506 95.590793232911216 -48.139678123559269 15.951615277188396 
793.41385814045977 -1774.3769318392242 1620.5820621271122 -953.05719260125748 421.13231209660979 -130.84428742799144 25.719549397499569 -2.569369893208239 
254.22044863388398 -417.58816780210862 163.19227322769952 8.8726864893352676 -12.693270687053091 4.9560307869252023 -1.072589207427171 0.11258855874491176 
-19.973147228824378 156.37759692881366 -246.96518214412533 124.67786780276978 -16.384708060393612 2.552994023574737 -0.3065147918924904 0.021093470077622491 
2.1436250894060954 -14.774670311823382 100.66370456113162 -164.9784488557258 86.105127624341792 -10.367280097693017 1.3103351659827011 -0.10239317562001189 
3.9238995299683813 -11.546254893546188 10.6055376137809 53.030490691698674 -110.17899283799244 58.797405008979809 -4.9770327633436119 0.34494765045447442 
-15.724397955372656 51.55522654438774 -84.703381695380292 89.835450624570299 -18.518806764764445 -58.64510754197555 37.985752230435781 -1.7847354419008764 
76.8443109771254 -251.73037426174928 416.79405966303491 -473.89354981696175 383.39268289928045 -177.9483649495463 4.2939601974511957 22.247275291365385 
-913.30496296403524 2971.2012798506207 -4858.4917064071197 5430.006063907703 -4347.7315631932457 2488.5967780496852 -970.92397008762514 200.64808084401678 
