0.00078162522977972264 0.00012580212018106104
0.020784989033861812 0.0073163190015824437
0.11690950333652926 0.054857589374632127
0.36774870523270904 0.16821535517818118
0.85150411280932063 0.27698683027125787
1.6331074520647189 0.26686991436696413
2.7575942384524092 0.15507272010096483
4.2404067936135436 0.055390535047007117
6.0386688592278706 0.012655755493774156
7.9700561708904427 0.0020589605044181947
9.5417201047891252 0.00045021854103688625
-55.7736692304305 89.10400904289693 -56.222072790980335 37.955530076581289 -23.87836895352375 13.187659379241886 -6.1502759457761858 2.3548583111333079 -0.72573923715822973 0.17629690308941738 -0.028227555073829442 
-8.3099329877369986 -9.8297205341801059 27.259503189717859 -14.505172615876477 8.3805481269538449 -4.4401448015434573 2.0221503484785004 -0.76278260039922732 0.23276560517369507 -0.056174240117019397 0.0089605095293862371 
1.8044168810985176 -9.3809687198063994 -2.8748273018032091 14.87090915052479 -6.5900389247580785 3.1550244073280121 -1.3641475473715672 0.49899886270682747 -0.14931181018695062 0.035579911162587302 -0.0056349088945294108 
-0.78735445875818555 3.2263973672072165 -9.6117556637978927 -0.027473608929822925 9.7279329704351075 -3.5356142229327619 1.3718910670790421 -0.47421256156229927 0.13719410154052664 -0.032017884671438161 0.005012894390507771 
0.52303590841028226 -1.9683349093973744 4.4976411211173639 -10.271933208082138 1.8791688472294128 6.8692051300877442 -2.0141531969101502 0.62293542157339501 -0.17003956944462309 0.038377870743339374 -0.0059034153272518382 
-0.48532287403229807 1.7521040600332 -3.6177265273250354 6.2723846245130748 -11.540979710894217 3.5255131447419334 5.0337697449958045 -1.1744889758865291 0.28677269878572779 -0.061178739010630402 0.0091525540789699599 
0.60999030798638983 -2.1505101588371495 4.2156024769775658 -6.559228054275536 9.1199820877682614 -13.566213249955974 5.1337739963948613 3.7790471464098785 -0.69688840834495007 0.13349461932285179 -0.019050763446199519 
-1.0292031075362996 3.5746770203880582 -6.7952561921516559 9.9911189909707956 -12.429466455444304 13.948329971383191 -16.652915745988038 6.8361307238615095 2.9275764325293817 -0.4264641000695779 0.055472462056939735 
2.3346231215528572 -8.0288752174748024 14.965812877561671 -21.275334070402666 24.972345079830067 -25.067495316070449 22.603260298749006 -21.548056880996401 8.8726426698878914 2.4164443032688365 -0.24536686590601063 
-7.2600311073708915 24.804514302782543 -45.652927212509048 63.561070639163891 -72.151909054571267 68.459114915682307 -55.428002333844082 40.182778980391385 -30.933880909841819 12.333500371283614 2.0857714088333682 
37.80918032500984 -128.6934453698696 235.16943147676524 -323.68108697956786 360.99442079608182 -333.12195996357079 257.28119866142967 -170.00634603008353 102.16537561922107 -67.841729457360279 29.924960921944416 
