0.0016812009175345747 0.0003953318619408711
0.043709350162447976 0.021521947623887336
0.23815467031531264 0.13783629638989768
0.72522400645160068 0.3155223905519014
1.6339930104215325 0.32583661866075812
3.073869134246596 0.15894189475448515
5.1340661775452793 0.036016602537714967
7.8402265173498371 0.0037084973082809156
10.815392784642259 0.00022042031113356321
-41.336781490005591 64.949836749866002 -38.194585174934457 22.465589728475321 -11.249225800339832 4.408395534559357 -1.258338942675403 0.24115774686049107 -0.026048351805887555 
-6.5410391811625382 -6.827632268693364 19.423891827595426 -8.9941980413130213 4.1310490877229732 -1.5512544539464762 0.43196043634825952 -0.081494897227863316 0.0087174906766045064 
1.5723452741417856 -7.9398753818586018 -1.1643544612059126 10.162131152593853 -3.5734554238788217 1.2104531772930243 -0.31950570661467515 0.058390014929343189 -0.0061286453999950246 
-0.81292773199480347 3.2316764613872604 -8.9324951545978111 1.5828115673784547 6.2052197066298747 -1.5924934527305422 0.37656441247145884 -0.064958952013492291 0.0066031434696004434 
0.69682897219912633 -2.540944818857873 5.3770715042003173 -10.622496879075546 3.7414124057479819 3.9553360916399115 -0.70555548129962477 0.10882123142607905 -0.010473025980371861 
-0.92847446032692288 3.2441711878860077 -6.1928602668733182 9.2690014041778622 -13.448357190282386 5.8164737570238802 2.5064640109965946 -0.29170368018457228 0.025285237582854601 
1.9265662974076237 -6.566918189038221 11.882800852636899 -15.932777082564648 17.438692779115753 -18.22042011192914 8.0332121246148137 1.5411827487176927 -0.10233941896077362 
-6.5367919806052101 21.934370588257024 -38.446420469412154 48.659578328118328 -47.61825959926936 37.541873947412612 -27.285459051027202 10.849746867759121 0.90136136876684018 
43.677335897580999 -145.14386937295862 249.62855561355761 -305.97962612238287 283.49441529289605 -201.3045180908372 112.08113426821579 -55.758538983452367 19.305111497380616 
1188.5018374058146 -2692.1899840690858 2565.7029642990497 -1665.2964332621894 867.02278891254181 -346.62019106321392 100.11287664227982 -19.331800448757827 2.0979415835610094 
358.96262227823882 -582.93126446720069 217.19929276803336 25.836942715455068 -29.642431140713267 14.222834811028461 -4.4434879207137323 0.89491883664550148 -0.099427880773514049 
-28.031379864394387 215.69498933870504 -337.9781093741033 169.97469006376819 -23.006663360216557 3.8094377734789701 -0.50107310065492419 0.038997553284219194 -0.00088902986724483634 
4.3746892568912652 -24.615738159551051 141.93171719649081 -227.45390427013277 120.4012729071504 -17.277895797642213 3.0367988165085001 -0.43661465923387623 0.03967470951893523 
1.312308902437439 -2.5487751872133186 -6.9046762586694146 92.997589816238631 -163.1146996070282 87.292289497131621 -10.229303189119807 1.3097258093328443 -0.11445978310979422 
-7.0440328976482446 23.183772076985327 -38.1301936553935 36.603137690532382 39.722783526017287 -112.45397734104752 63.034287721362987 -5.3240115198426335 0.40823439903391245 
24.953673839711625 -83.386421610502521 144.60702515773089 -177.93024983808438 157.83800145397213 -46.474483756586533 -62.019754219687741 44.749640880817175 -2.3374319073706485 
-125.4305787793707 417.312717849445 -719.05972261628895 882.86594242985942 -816.49820937819411 566.16913759246115 -238.20232326411956 0.5038552747659543 32.339180891441798 
1593.2156211937865 -5277.5066378762247 9020.6904861902123 -10944.09207903849 9968.8089478976134 -6864.0820398120179 3568.2879962380864 -1362.2683113915856 296.94601659861962 
