0.00086744981161080053 0.00014704123345161459
0.023034936117218304 0.0085099882402882185
0.12933106975320789 0.062961130642995224
0.4062613153863279 0.18776470508294332
0.94048789063778387 0.29439141185683367
1.8067404012317331 0.26230497483578047
3.0637820397721043 0.13536760338593561
4.7488850039302279 0.040524852214637215
6.8539206139009902 0.0071317797410709307
9.2360977653175534 0.00080007124992550516
11.339983358082477 9.6441516138226003e-5
-57.980028836843403 92.53281442675353 -58.090267135596259 38.759364908709629 -23.859145989332156 12.715579105325821 -5.6145787646270788 1.9818918837972599 -0.54247203976946387 0.11182596158939514 -0.014983520007274132 
-8.6674131487511838 -10.17673637004307 28.241332689645783 -14.850426037839123 8.3940811896797044 -4.2908675626196777 1.8498438727977354 -0.64316003565386021 0.17425981779773335 -0.035674602534530132 0.0047601875204885205 
1.894927856768903 -9.8351449892827905 -2.8827024802739222 15.321732132436878 -6.6410621252893517 3.0667643545630304 -1.2548014245703756 0.42290482916099927 -0.11230067254621231 0.022685769647588854 -0.0030032506147469521 
-0.83770670713587848 3.4265772454075291 -10.151586022217166 0.16092564046678519 9.9227616930859592 -3.4773251397480881 1.2762819213489339 -0.40625029642512245 0.10422968500910314 -0.020601312878121096 0.0026932930860656877 
0.56880198657886308 -2.1364151478190761 4.853493432799078 -10.945193176419947 2.2414477449035418 6.8948121814230468 -1.9112288333664993 0.54393509070015297 -0.13154473594640652 0.025112250958600048 -0.0032207938113534028 
-0.54600062367154739 1.9670181992447938 -4.0369009616078638 6.9085507897820606 -12.41861676298791 4.0619409433753238 4.9288766480294075 -1.0572694257014655 0.22842517408917891 -0.041146278742952926 0.0051222981909747237 
0.72168196809684219 -2.5384582439612203 4.9444088133401461 -7.590317672928025 10.304695288000071 -14.754334665917138 5.8479963608459662 3.5620330195043076 -0.58024528108820421 0.093629002474375526 -0.011088588367121348 
-1.3101739016046023 4.5391476387026698 -8.570424289437613 12.425885158617944 -15.0830736674591 16.277123686235532 -18.319695489445085 7.7233430847656624 2.6018701970583096 -0.31822438612456887 0.034221968690851679 
3.3013519602204576 -11.321865660582305 20.951133265039984 -29.348813852709399 33.580080451264235 -32.374378401510763 27.472451194716467 -23.952514421983576 9.8855111619490081 1.9716695545407964 -0.16462525094490606 
-11.847011606142659 40.348889727591454 -73.676737053073332 100.98240976454141 -111.59522326521611 101.51722593102441 -77.169892199025025 50.9977064760687 -34.323046932139942 13.198053176310899 1.5676259800601831 
71.87621278592691 -243.78201822659813 441.64528843108419 -597.77756205501054 648.07914574855246 -572.24129636004651 413.82709277327694 -248.32894203085388 129.76372826999292 -70.981898910867558 27.920249574543208 
2385.7627058145499 -5489.0592974943034 5517.2133447744148 -4052.8243873852878 2590.9184616174239 -1407.4906498856478 628.46322127448018 -223.43303991991278 61.453171493402893 -12.709921352272521 1.7063910631526592 
667.3335440061328 -1065.6593344968787 366.53437268734133 90.388150328869226 -99.754765148342835 62.4023583965872 -29.633640931095029 10.89270201037731 -3.057256177437038 0.64049993327844208 -0.086630608832686965 
-50.687253697920497 384.52985371913456 -594.85628700953511 293.83590232915207 -37.118912196902024 3.9000150510398454 0.98343566156583484 -0.82796086736604387 0.30294452451662255 -0.072134890185250205 0.01039737649999405 
9.2771497500079979 -47.783797695811804 249.94498673159437 -392.98370026838265 210.01271038806278 -35.206388991193453 8.3555167962079793 -1.956262108518463 0.39814288643635814 -0.066059119010192757 0.0077016306070844256 
-1.6409410264089342 8.5171101907681976 -33.352299429162227 179.06332935703824 -290.14907213667067 158.50860319006755 -25.531383748259469 5.5543904507106153 -1.1426452044149987 0.19665338171029614 -0.02374502537859471 
-1.5583271514998322 4.5506423242091201 -4.387196573888759 -11.598264360739909 128.93962696588943 -225.34606638575253 124.1059376536862 -17.361105972811756 3.0980568507594725 -0.50245578203216058 0.059152432180723619 
5.5353774521146457 -18.688272270462691 33.198371873620845 -41.527233689619534 29.061982820069727 79.075575659463177 -175.86741175769294 99.210280495379923 -11.419905455516329 1.5984335104160273 -0.17719863777285235 
-16.015406015294023 54.603389529401522 -99.751819570656756 136.10229255259364 -146.57861721966757 116.37925722248884 12.997307689388073 -132.25571735441714 81.270608725194138 -7.4794383289957343 0.72814276996500317 
56.435088884277671 -192.03911028419133 349.95174901738221 -477.59362406152107 522.75977440987112 -463.99694763233927 323.78607947259351 -95.384898902752776 -90.562942833923505 71.42141953585699 -4.7765876052535512 
-285.44313222928549 968.23539642883455 -1754.2757627370113 2374.2387017449948 -2572.0498245771141 2264.7007772968331 -1622.1194552862307 935.25360863769932 -341.28436325831088 -41.70770282214768 74.451756801738352 
3864.4221914232282 -13087.685622738547 23644.423473655822 -31863.212684422535 34316.42630047927 -29994.803012972742 21335.36134594534 -12418.962318032154 6046.5494261978961 -2466.1446287864309 623.62552925085108 
