0.0058571993831975855 0.002535436119600537
0.14217103031924801 0.11016573696794486
0.71479496008926225 0.4199175549969152
2.0427569114144451 0.37817041514118631
4.4543045475496072 0.085652069195374665
8.4360906286568206 0.0035587875789784316
-21.520926434724402 31.938615463615313 -14.789742437353327 5.5134833201023961 -1.2691971352109324 0.12776722357095277 
-4.1601460923924205 -2.5299415369480689 8.7624014046388901 -2.5581941444802664 0.53747549199627247 -0.051595122814406684 
1.3723180692795504 -6.2420151537404892 1.5463169707236043 3.8915273974933368 -0.62160070852730249 0.053453424771300174 
-1.1894345777121984 4.2369710694373812 -9.0477463336958445 4.3539608171212343 1.7600081849117164 -0.11375916006228894 
2.2853595537300766 -7.4300480654669294 12.062651580144518 -14.690130259864036 7.1615059645604725 0.61066122689589849 
-11.743957692624324 36.409203192218436 -52.95127055927424 48.46931731373412 -31.172376473321151 10.98908421926716 
299.02574513345388 -638.39105945698036 503.31838011206669 -209.07218420483414 50.305440538652526 -5.1863221223585925 
116.95698645081902 -197.87474511790811 85.269874519629159 -3.9003317660088485 -0.57141708987790764 0.11963300334669025 
-8.1208756673340583 73.02274730126168 -118.13830923320364 58.217878449759317 -5.3266114435983943 0.34517059311509516 
-4.2655876351634929 8.9967672624483036 28.587313153784466 -65.018078552039443 33.224439753862873 -1.5248539828927068 
24.948810664166662 -76.724748515984697 106.71177566290482 -61.01543790366953 -7.9955367838036514 14.075136876386395 
-229.33925072014187 700.40287995290913 -985.60286166272919 837.63994395493526 -413.10163607847429 90.000924553500962 
