0.017464583561151317 0.012676122499575775
0.38105773414581114 0.36138999977307824
1.7612174286077164 0.54517176187973252
4.9635907338983819 0.080762115847613469
-10.673461413020445 14.278671192979433 -4.2081316021345961 0.60292182217560851 
-2.9755613027470784 0.099705101972930356 3.2339951139771254 -0.35813891320297737 
1.6642078217710364 -6.1372878913758638 3.5909524445733182 0.88212762503150919 
-3.7762147781124264 10.763811574913752 -13.970400663275522 6.9828038664741968 
62.155749256497058 -118.66293762473995 67.558223260280065 -11.05103489203717 
38.197309524734938 -66.180019182261386 29.460466135627792 -1.4777564781013439 
3.1440061565178096 10.607103953085239 -26.279901479741563 12.528791370138514 
-41.341315681252748 108.05583367165471 -97.018689395907857 30.304171405505891 
