0.0034587177698453423 0.0011588462243667974
0.086762515389005902 0.056497204455552375
0.45161559075587033 0.28086399434434699
1.3188689350312386 0.41024504988226492
2.8767620336915414 0.21111883291564114
5.2785126987248666 0.037687423685056893
8.431230683914022 0.0024286484927708783
-25.928698093049924 39.589640306602236 -20.677213162986905 9.7361329781613118 -3.3939846192326759 0.75991339606204905 -0.085790805556090647 
-4.5450375704314589 -3.7141417206596502 11.38151524711802 -4.2096486120450776 1.3434020440946043 -0.28778406855202635 0.031694680475589038 
1.2861327528145295 -6.1664889293412955 0.44618916795974126 5.5537390949504353 -1.3533166613921899 0.26102012427660906 -0.027275549267829671 
-0.86511108958379374 3.2581817481553514 -7.9337235320298799 2.9160450257850363 3.0244760450045719 -0.44131646575911991 0.041448268427833962 
1.0991027713410885 -3.7894703751903375 7.0458609563014952 -11.022832294731288 5.1726009320389212 1.6097535678297435 -0.11501555758962278 
-2.6257161278530538 8.6615276832789116 -14.499862039750813 17.161230342180921 -17.17570745971918 7.730088286191607 0.74843931567160737 
14.402614502555784 -46.348005209660578 73.617370774756665 -78.310789163903115 59.625048729555317 -36.364156035038341 13.377916401734269 
