0.0015371318880617639 0.00034575923721219747
0.040037987402397245 0.018956427631948922
0.21859456231313721 0.1237570162164171
0.66625665381337518 0.29469342637770393
1.4991028315381053 0.32636083634463718
2.8063943539938842 0.17885200209986637
4.6376868389889456 0.04918227881381394
6.9339042807561671 0.0070533245050748051
9.2103741936182843 0.00079892877332556288
-39.478879006542312 62.122885366202671 -36.796892640371284 22.003191502214457 -11.360390640149397 4.689095090559364 -1.4582911070008353 0.32201004257875061 -0.04272860749141384 
-6.2186690551011523 -6.5662949314054388 18.6458061840737 -8.779397189086256 4.1588900752616941 -1.6453935017967866 0.49938979724894241 -0.10861756172892362 0.014286182534220572 
1.4812294437277773 -7.4980188841686892 -1.2262055285554556 9.8373168355869372 -3.5692556744183734 1.2744686198181034 -0.36691597315084097 0.07738429571450996 -0.010003134553968636 
-0.75271137199923077 3.0002791909944693 -8.3600383048608939 1.3106017723093621 6.1016085767868306 -1.6518278207513236 0.42644538116395396 -0.085028295484180784 0.010670871841013126 
0.62667701699256735 -2.2918285083344778 4.8912174427883265 -9.8390246174107594 3.2732852045350521 3.9964157955412435 -0.77938982830309194 0.13925259582066945 -0.016605101629529848 
-0.79676813038750122 2.7929738281613171 -5.3797348436426777 8.2047413035775912 -12.310142473384247 5.1522611197326474 2.6572793723297532 -0.35941725803844533 0.038807081651562078 
1.5339572159159727 -5.2476257962136671 9.5879210060034429 -13.112624825041953 14.861862905312488 -16.449902225204078 7.1894691330457614 1.785897843706243 -0.14895525752420965 
-4.6151140529085615 15.551319533897173 -27.552097433316894 35.623262911658641 -36.179771473846306 30.315800041460551 -24.333277863932609 9.9833383894623073 1.2065399475256977 
26.079429545463313 -87.106330031591246 151.67159990415164 -190.38663287791332 183.72590012982698 -139.39507108980409 86.430328823707227 -51.381648251258593 20.362423847418076 
