0.001080800997307183 0.00020426130746863828
0.028485185373405367 0.011586932557960784
0.1581236165115708 0.081942534861976642
0.49027004939912009 0.22569636973267224
1.1198682695594655 0.31384884670980554
2.122368886779475 0.2377639676017251
3.5458409847671925 0.10050944351576312
5.3887094065837813 0.024255612624282838
7.5164224459760019 0.0036186041906932008
9.4078062874613871 0.00057342689765190416
-47.282560455358898 75.057191881976586 -46.114035367839096 29.575187327540359 -17.111993617949723 8.3571401331600654 -3.2909325178441376 1.0077183392894998 -0.23159522855733962 0.033879505582684822 
-7.2138766943028281 -8.1425054659641561 22.785057596582262 -11.513633576395306 6.1155931675734112 -2.8642280599297896 1.101132768074873 -0.33213537958406736 0.07559140261452001 -0.010995758668918479 
1.6297602724206168 -8.3784624362071555 -2.0453212802577883 12.263511675858846 -4.9933384130326626 2.1121647049952451 -0.77060778840890813 0.22536802985299768 -0.050314216402163609 0.0072394511809722502 
-0.75929002016334056 3.0755032395430943 -8.9084969927654592 0.62117617261252713 7.8519968348067009 -2.5200248341051836 0.82478496637799234 -0.22792894549778372 0.049238453849296268 -0.0069588746578437483 
0.55583299061405469 -2.0668354156937678 4.5892753146028061 -9.9344456641292097 2.5347663742729503 5.3807556569261977 -1.3304590378413257 0.32905150297797247 -0.067164211880001704 0.0092224901503236418 
-0.5901289546225012 2.1043619074573502 -4.2201357539411928 6.9312868484563877 -11.697385417183971 4.2718085734524353 3.7962547254298499 -0.70885025558390451 0.12975190901788278 -0.016963582482336172 
0.88768766693323846 -3.0903274052884178 5.8814445161702316 -8.6656622441680823 11.048390267616445 -14.501312625220919 6.0416296292504126 2.7325448028212419 -0.37948210584470004 0.045087497730549798 
-1.8948076697910963 6.4977755990945033 -11.990234614749123 16.693417892721393 -19.04785779192428 18.875185686111852 -19.048117175584179 8.0567158209660424 2.0469212787802133 -0.18899902562532528 
5.8848811789682184 -19.984997216579976 36.174972150782074 -48.734028209321207 52.541480177031859 -46.6909389762513 35.748529641762331 -27.661979803622469 11.130554840435418 1.5915262167950523 
-32.057871145561014 108.25461305145591 -193.82627975532413 256.48173426221525 -268.65943968626362 227.31387772642018 -158.16578438120945 95.111100890241422 -59.265686752565608 24.813735790591057 
1574.8532597000519 -3604.7583592364605 3561.2368341121792 -2516.4798748098212 1512.6490014077196 -753.17550418982827 299.95779328911319 -92.510031566112398 21.360084864676601 -3.133203571518061 
453.19961410626301 -728.39623301300905 258.57790420175678 50.472476317320656 -56.107366539461008 32.580220162872328 -13.869474146468606 4.4329738083964746 -1.0451875916283643 0.15507269395777673 
-34.924163552541991 265.8002454113464 -413.41193004596518 206.19685116711671 -27.380713830273923 3.9719157669244754 -0.12883879316884313 -0.18096132159794721 0.070057994211638816 -0.012462796051344187 
6.2529284021321231 -32.781618708660537 175.1601208844821 -277.33884341318128 148.45351839775511 -24.194919628512512 5.4347079566475917 -1.1723729661662986 0.21371818906186263 -0.027239113558168855 
-0.61062824469502937 4.2184143126144247 -20.672658079886598 125.12018879553835 -206.56188100754238 112.65460474646358 -16.946722078761553 3.3157263709269886 -0.59283229488157794 0.075787480223786606 
-2.4207622106888857 7.6461477120936302 -10.856211879987723 1.2816332404807941 85.664948584041582 -160.37687679714137 88.767238772053941 -11.241844885829244 1.7472800748795034 -0.21155260990222809 
7.6917117752957891 -25.939869328146747 46.02480624591573 -58.375101476532592 48.781868539647692 39.96517343202241 -123.99965490465858 72.446248093331329 -7.3807940544471498 0.78561167757212042 
-25.29527946745212 85.610201329408363 -153.7837303995998 203.86326337171058 -211.55210240258208 166.05978034752411 -32.083077466700738 -91.95907296521172 63.788076730777255 -4.6480590778738522 
117.26352301132862 -395.76097841811206 707.6865178711158 -933.88963830343578 972.22926039232664 -809.54672996560268 532.46430956379267 -199.48728183014014 -57.301919071303372 66.342936750030313 
-1524.1320008784523 5136.1851541074168 -9159.9082659962787 12043.234560529211 -12487.109016863758 10388.267426196817 -7004.6205542811954 3913.6193349931902 -1790.0297893249126 484.49315151796105 
