0.0011915097972465837 0.00023635836877225166
0.031352182505669739 0.013329332384872197
0.1737000911804777 0.092765637482954926
0.53790622254179267 0.24716772915209655
1.2291743200597211 0.32420755703723524
2.3363121664810007 0.22347319574262962
3.9291805177220961 0.081473679915510568
6.045816303074884 0.015591017684028797
8.6177681843894002 0.0016188447472210464
11.13021201913165 0.00013664748467881372
-49.314560220530211 78.185325720426818 -47.745020770947498 30.196906116023644 -17.026227336926741 7.9673419658306279 -2.9332325083070587 0.80920838106728015 -0.15883637554588871 0.01909502890902679 
-7.5533303549663737 -8.447477541685838 23.664952190270967 -11.790532539210793 6.1018059332632664 -2.7376022899359612 0.98369676515600268 -0.26722968169756892 0.051920408247681663 -0.0062028894413822263 
1.7200711431773713 -8.8249189409374776 -2.019966619411606 12.650633351837205 -5.0170625629664359 2.0322162887424168 -0.69269183701551184 0.18234355852268768 -0.034723280615540422 0.0040988986668911458 
-0.81355219610850782 3.2880859728362231 -9.4605616164243309 0.84909860871796121 7.9995831592499626 -2.4573097712255192 0.75091079125043735 -0.18662450306133675 0.034345403042897399 -0.0039758482777870051 
0.61083282602582501 -2.2659436270652676 4.9961461421108889 -10.652421058317541 2.9470472401863242 5.3703056541625978 -1.2387676752154673 0.27521370060636288 -0.04777408543083569 0.0053608829371127239 
-0.67480333645491362 2.4000533135733819 -4.7776614065740061 7.7250393066688096 -12.678235886177278 4.8696287771155994 3.6645087793423746 -0.61368478797925074 0.095305130733005628 -0.010149890247722537 
1.0784291168239706 -3.7436318104387443 7.0691445443153356 -10.247324473292722 12.694951313351915 -15.907323698759365 6.8247911455179816 2.495795083093153 -0.29306474514824271 0.028233524536718265 
-2.5231672016930739 8.6249606652869555 -15.781844546044714 21.598885879369749 -23.919481898835077 22.592654106447804 -21.166520320283816 8.9947832287171304 1.7066160838408142 -0.1268859968057712 
8.9765671200991253 -30.372824659534118 54.47067296729081 -72.045350460099175 75.257321282360746 -63.59351527217806 45.048338310003126 -30.932177232302056 12.007841351057402 1.183126593302198 
-57.648927828997161 193.84371528424002 -343.49448833358894 445.53081195538908 -451.13165130870058 361.79994559673044 -231.8413492772671 122.85672995802066 -63.203600076141677 23.288814030315256 
1711.1664317009032 -3911.3191646283463 3843.6923653000504 -2678.953170003244 1569.4650173264655 -748.86411256115178 278.86826967438436 -77.498947897318914 15.286568216761264 -1.843257128503786 
494.72666408011688 -795.97283103564599 284.1623294473621 52.374942885040565 -57.712073431598086 32.217199118367393 -12.844065254554194 3.703432356783668 -0.74679232158338017 0.091194155711039015 
-38.124488835454348 290.71592635822207 -452.41697352653713 225.68640475009995 -29.968187117274651 4.4546137738609143 -0.26722800368400119 -0.11800651803339277 0.044771132844760895 -0.0068320140441714027 
6.6831490198810306 -35.362178795261426 190.92988840953348 -302.46541186276733 161.27626536661982 -25.585636147166879 5.441180154592989 -1.0662992914018285 0.16637803683822915 -0.01733489086809171 
-0.33948078059267032 3.495592154479078 -20.579587496857768 133.88273775131765 -222.23122525285707 120.27842933526846 -17.126362878132194 3.0343835100207835 -0.46275775240294049 0.048271409756670389 
-3.4427448971012417 11.070732138573733 -16.756818204222634 7.921279768641773 85.750401003804117 -166.90186725114724 91.646309025896793 -10.546996886968793 1.397458294536905 -0.1377529920134163 
10.884000544540325 -36.730878416099352 65.204849843397035 -83.020464053890071 72.594226345091992 25.775055483619303 -119.45337114079952 70.346630404709308 -6.1298933021644545 0.52984429159543114 
-38.179954162380158 128.9709596524943 -230.36441325050687 301.82618931719517 -307.55925680873806 238.18264065685234 -73.089869388752869 -72.002271681172572 55.50055888602686 -3.2845832210181493 
194.14107200944882 -653.14128574882618 1158.3253310581541 -1503.5591341575061 1521.9590035777231 -1214.1241530336244 754.50333070579594 -293.37396370118542 -13.605776976254539 48.875576266274632 
-2564.1805059773656 8603.6672594331043 -15183.997795542766 19565.831736200873 -19609.495478115704 15465.144286308779 -9612.3082339273434 4752.2331524869319 -1850.7777178927868 433.88329702627817 
