0.00064626004300033564 9.4660108829414282e-5
0.017283434397890251 0.0055861799434219056
0.098083275109541413 0.043270840147710758
0.31183560399149727 0.14050651993023427
0.73033033150087335 0.2523071616558029
1.417437746667542 0.27335877839697193
2.4243719794863083 0.18357313040722624
3.7862228138672567 0.076965106383358184
5.5122543884580083 0.02031988446288503
7.5551276289931599 0.0035019421172229501
9.7229080630130747 0.00044127942303948139
11.484526237758244 7.4517023296930438e-5
-67.33388939877573 107.99433664578957 -69.213208024773834 48.075073887863803 -31.621754547254986 18.590476410327611 -9.4018272090019416 3.9723954801583042 -1.3705242113768256 0.3800176585193922 -0.083451942227935123 0.012355250752576064 
-9.8810080916438031 -12.020737221922894 33.153364662032462 -18.15368824567642 10.967712256108321 -6.1863397886946957 3.0554371465664464 -1.2718093215892698 0.43439472009806985 -0.11960621241163023 0.026139008903323047 -0.0038589117699090088 
2.0937694191072778 -10.961429877318181 -3.7634078481511098 18.172997145584267 -8.4231265738145672 4.2938930353144422 -2.0135488322658864 0.81268809295991784 -0.27208609188971511 0.073905245011232749 -0.016003693107312985 0.002349978569634754 
-0.87862913027487719 3.6261873347468746 -10.979241114573866 -0.49857035845022038 11.968246801351756 -4.6323207064494565 1.9494249394457599 -0.74333661882314208 0.24046919700900103 -0.063876491746949229 0.013630979617935133 -0.0019848318528154481 
0.55195796675002089 -2.0923571483851327 4.8601927873009282 -11.430492466190013 1.5999386177597339 8.5178597990944124 -2.7083816821280923 0.92361007774823703 -0.28161637533025995 0.072186223548346303 -0.015064216107792071 0.0021664159396113042 
-0.47548221627141278 1.7293275303811089 -3.6304052565086152 6.4827121837988697 -12.481138530242261 3.3543043890025512 6.2840146962906859 -1.615361248602527 0.43986081001470588 -0.10622252420897253 0.021413379606553622 -0.0030232132606867671 
0.54408674321675965 -1.9325420816472943 3.8519281041161631 -6.1727225864678332 8.9793666250942774 -14.218353652235616 5.021643301807496 4.720256296378612 -0.96826837534639546 0.20891977954315363 -0.039771451634366579 0.0054572971750433066 
-0.81911572470762179 2.8662529462368558 -5.5395796066063949 8.3867302487041418 -10.910920823226643 13.023229246952891 -16.819089642797291 6.7155438954185007 3.5953952019531221 -0.58533990443383957 0.0999709094251781 -0.013076746918899563 
1.6233847099484984 -5.6236593186174571 10.653718286223654 -15.585062734535435 19.11052423319481 -20.370713924721702 19.818674621697952 -20.65325891246423 8.5377248396747895 2.8098649201071321 -0.36464054500933309 0.043443824501321853 
-4.2580072810740367 14.647249722511199 -27.373984056824929 39.161384754406892 -46.33795903166673 46.5345459350466 -40.450724246556885 31.806652946892119 -26.579898935000533 10.729888296746685 2.3381258519214543 -0.21727395640183482 
15.033463748417043 -51.464937397556862 95.302204648294632 -134.35815666152003 155.47089561995788 -150.8217803531953 123.80499575691103 -87.338044660380383 55.456546877576182 -37.591345248538431 14.445902531667492 2.0602551383667431 
-85.853274586214158 293.06899551088039 -539.79558637563464 754.64619050302342 -862.43644374844946 821.35390357433081 -655.2801695047406 440.6687312133893 -254.8582003791675 134.74428406150498 -79.470089224145234 33.211658955222706 
3238.7821906902153 -7487.7876027687662 7654.3942306066044 -5849.2602353201608 3994.2137246905272 -2392.9947405795143 1223.5944518009781 -520.622515779085 180.47688743731418 -50.209329033773858 11.051342548951449 -1.6384042932905182 
883.10769462794461 -1401.6993739838881 466.96734744927941 141.86199792551719 -158.59951127993195 108.26002758526884 -58.607964490253371 25.71970635578107 -9.0855942022044992 2.5588894798138592 -0.5677858711608637 0.084566403833857705 
-66.169540304757887 500.42606796642851 -770.18735056094533 376.6153537994509 -44.38776549048406 1.5872693419846474 3.9402738576642126 -2.6682628036743802 1.1214531943550285 -0.34603283100530986 0.080928215874667661 -0.012394384890993136 
12.296965436038388 -62.457868022467002 321.11925450715848 -502.02485810927345 268.03389400341246 -46.150822817525443 11.580864948562257 -2.970760219739575 0.69126933369220425 -0.13836161321807561 0.023301729593098916 -0.0028791762333385999 
-2.84572461722694 13.35136109711136 -46.641752708664946 230.81229751816165 -369.23023953322052 202.90799627231292 -35.379180441521685 8.8194352249776643 -2.207769415008519 0.4950332581372443 -0.094311437014502022 0.012854781956273229 
-0.36249305354872015 0.28877318749594655 4.3124288708060976 -27.560074708192735 173.64996051493096 -290.21904343604651 160.95535465936596 -25.654971263205067 5.5841885673785989 -1.1849322387456141 0.22061837987397465 -0.029809480112892674 
3.0032676183710057 -10.017030136466999 17.231026880579168 -19.16932127883698 1.6191147277285099 125.99684969283313 -234.79159811592407 131.52307979532502 -18.207820531171514 3.3129229127712346 -0.57594077532137034 0.075449210112866532 
-8.0465019534095396 27.551970484324663 -50.895041538535842 70.762418590471104 -77.272146649566261 55.450539356880655 73.82187549944216 -190.40994159160421 110.25475301403994 -12.913028578722801 1.9335203813052416 -0.23841701462510719 
22.877123623699836 -78.447244422054191 145.6397285304605 -205.77955794293532 237.65260374786169 -225.88483215428992 164.77677791593724 3.2840217048417549 -152.18967179468273 96.545985091635739 -9.5058726409916894 1.0309383405170874 
-80.543066052121267 275.55267215857681 -509.56878147740801 716.51845089142801 -824.90505630336169 791.70140960936993 -632.87871730563798 408.08346921762956 -110.98630177811111 -119.97637424848283 94.016184329261914 -7.0138890411433302 
400.66663999751856 -1367.5321480544981 2518.0591875329226 -3518.1946525283764 4015.9773133067167 -3815.4268444474353 3027.5063899609698 -2007.2084169472424 1103.479634418329 -381.23338509795025 -88.34281542230372 112.24909728134952 
-5525.8150481914014 18843.286200331089 -34639.091213119696 48278.933542544213 -54928.173666571315 51968.481679330623 -41047.551869947475 27155.007863330572 -15232.464425506784 7492.0219635933455 -3244.9241018993266 880.28907610615619 
