0.0005790181468232419 8.0295568763743382e-5
0.015503887657345132 0.0047577727495427017
0.088129138024743147 0.037266886682710347
0.28058713396466014 0.12387051143704642
0.65752629547589708 0.23180516042672817
1.2751096657841748 0.2681521689492147
2.1749786999981842 0.19856610420917394
3.3786636811836024 0.095868508470709737
4.8754157827826925 0.030928990094868442
6.5916289007307334 0.0070491909046323877
8.3228097039673093 0.0012783016358408085
9.6358655457526151 0.00037610887076860512
-64.953178292835244 104.26603549973057 -67.10679139994504 47.07313582934871 -31.536278608636809 19.104513823651464 -10.110169267623518 4.5621095808660278 -1.7274890437383254 0.5444348077077314 -0.14070412177377718 0.024381193248206765 
-9.5047694357938515 -11.633045147110587 32.070147160166089 -17.736042518621255 10.915114118639432 -6.3448472146893872 3.2796039014635039 -1.4581604525021733 0.54671881715084818 -0.17113781395485758 0.044028050138741342 -0.0076094648865023742 
2.0023321229237594 -10.497161226606216 -3.7251215792288611 17.658137297045379 -8.3386121410220065 4.3816547430235359 -2.1508602137476408 0.92752880683814856 -0.34099502701351717 0.10534312623267115 -0.026866697086117063 0.0046207886408647956 
-0.83088448314390379 3.4341994465029864 -10.445825512115306 -0.65167866781888545 11.724410771960084 -4.6789425385655187 2.0618564162214366 -0.84034069594716984 0.29865430939752672 -0.090280435470467598 0.0227067979678541 -0.0038754089886357247 
0.51220276103354335 -1.9447376692831357 4.5389521532115627 -10.788348793581894 1.282191710995313 8.4527224731331066 -2.8154894507201497 1.0267425343604315 -0.34413877629934692 0.10046416270978844 -0.02473438613574553 0.0041732805765260889 
-0.4285738669145883 1.5613926781695194 -3.2942625483668337 5.9466159161943651 -11.674944752463546 2.8731560603071372 6.3569098003932037 -1.7485220198850153 0.52378781547363468 -0.14420338872947652 0.034339478100586129 -0.0056951722789856842 
0.46997581776241511 -1.6723984418159513 3.3508858313511304 -5.4301019779731265 8.0582273927758759 -13.172658689903246 4.3728036363642985 4.9109857536795806 -1.1093451729378088 0.27323465333517258 -0.061545787842705963 0.0099369852043658344 
-0.66609339264922436 2.3354791940462535 -4.5386550781468502 6.951160089692181 -9.2299531196860759 11.380224338920851 -15.424851859294909 5.8968320953612618 3.897076533649537 -0.72548699218028272 0.14693303910513284 -0.022664848817874858 
1.2136423848183538 -4.2134779914532893 8.0288591377137948 -11.887121481095629 14.885984834107447 -16.40367399583939 16.765829529704872 -18.751886059871265 7.5605659963987241 3.2294874290870976 -0.49844987768911539 0.070240094118399455 
-2.8394910162187343 9.791334105893299 -18.413280865539223 26.676002072808412 -32.260739115256063 33.525895448547378 -30.655846195652837 25.915215978054435 -23.974677855564066 9.6598122382092051 2.8952922739614484 -0.31951706924325502 
8.6835714438338812 -29.807275985634241 55.569463046947823 -79.392584433271726 93.98558022795693 -94.470357072251046 81.709548723128586 -62.107151414290775 43.786236874955844 -34.260157715657709 13.612244671159482 2.6908816331229513 
-43.232827854709004 148.01784554099567 -274.60291958265523 389.32178941438326 -455.62211889411302 450.16928251855814 -379.04977620296628 275.25936295391807 -177.28350856771609 108.63209005657861 -77.314636660472287 35.705417278198156 
3016.3589763603562 -6980.1178274899656 7161.8202768970497 -5526.3101244814755 3843.2696762422951 -2372.4659032454032 1269.298927479696 -576.74157788512886 219.40917849095463 -69.371696878192217 17.967303219352606 -3.1172087095387617 
819.5694418031269 -1299.6935882034971 430.6928904928798 135.80900803413306 -153.37404582250791 107.67889085241685 -60.942119246250716 28.543912384590162 -11.06043624024668 3.5386403258379533 -0.92348517868193758 0.16089079819963561 
-61.339172571638788 463.40817310919544 -712.73214627003614 348.08624872799748 -40.475571294028533 0.64963400156415681 4.4758648008736378 -3.104175704341887 1.412054539989055 -0.49140165226036531 0.13450816788984496 -0.024015855203905083 
11.475618870595703 -58.079918513845341 297.35204729370779 -464.66891548876011 248.4394842227641 -43.262956685441127 11.110838287040395 -2.96675277468474 0.73618458522934064 -0.16254052859448968 0.031380209138823686 -0.0044694771503496828 
-2.8036790070736771 12.932850837198223 -44.208728996732091 215.00000392055366 -343.51129619852155 189.61531720761042 -34.041343120733457 8.9544896488029841 -2.4403306659552943 0.61935811486551748 -0.13885292785526241 0.022211187840531955 
-0.010063888732376214 -0.85673794115634367 6.1016109884788173 -28.563713023186367 164.87076244167029 -273.65315342480701 152.87059058105047 -25.647103126068387 6.0805218199640621 -1.4627751105356022 0.32102496331820469 -0.050964279995758601 
2.0613158391676738 -6.7927396047733034 11.313693353866706 -11.150688987437607 -6.2914331123745119 125.87820848599704 -227.46561270901886 128.43525975069224 -19.270368668623406 3.9711798874230343 -0.81429013252797728 0.12547589760896917 
-5.5333966667932809 18.924067896768065 -34.902880501323698 48.379311104609959 -52.027275939699238 32.68515266744454 86.585432412517207 -194.09231933388839 112.58944076672225 -14.847616005063222 2.6206070747248019 -0.38052347601898768 
14.837064136045049 -50.922481559933359 94.835853463443841 -134.95174333319715 157.70795295467492 -151.87659932856077 108.90745966544768 37.05274968454008 -170.62101638637656 105.66731729707596 -12.194392435328442 1.5578358421687547 
-47.796941200788536 163.81560857118594 -304.44800657836616 432.57461402679598 -507.10792024942085 500.27688106076926 -414.81276898750659 275.93395736756506 -41.265802036925207 -160.83953164437038 113.6077309763607 -9.9378213052992252 
217.20890372201705 -743.19455855977095 1377.0528605400213 -1948.2271574497397 2272.1119229350418 -2231.6007827404385 1858.0307779673864 -1315.601517032605 782.9412690897207 -250.28195502878445 -169.32284441690313 150.88308097405443 
-2998.5199218156946 10255.898142028186 -18990.972582244013 26845.366881528422 -31279.8167114708 30705.356053055443 -25596.959335527865 18281.447442841792 -11408.768170036256 6477.4956519121781 -3290.7688979872149 1000.241447715823 
