0.0037020634934982126 0.0012825158726868288
0.092657115578556505 0.061916225982789356
0.4814539756628903 0.299874638527487
1.4069690081648075 0.4150615735523261
3.0849127722867015 0.19278904398664557
5.7439635378316699 0.028013568628916991
9.5731477969463656 0.0010624334491481516
-27.442075980151947 41.819957978866181 -21.639386311312806 9.9732323332168075 -3.3330594011930087 0.68718045378895514 -0.065849073214181611 
-4.8374358782010347 -3.8828842169966142 11.962013137427102 -4.3288656107787608 1.3237424076638332 -0.26092085068025441 0.024351011565728518 
1.3838709588888159 -6.6133773137544498 0.59201667667893214 5.7652065041367753 -1.3450546230877419 0.23838201461822618 -0.021044217480557845 
-0.95016471915081892 3.5653768334188322 -8.5886949235748062 3.2914451084837337 3.0590093411901939 -0.40928476680583218 0.032313126438697493 
1.2523286798507073 -4.2997888174644315 7.9025006272276839 -12.064049541408663 5.7638432406306447 1.5366917003259001 -0.091525889161840914 
-3.200623718295509 10.506086638661803 -17.361476294363033 20.00904855756485 -19.049136512032427 8.4780059875080017 0.61809534095631449 
19.807416007332736 -63.323299182971071 98.9829246933288 -102.02207961568686 73.273483667969125 -39.918094753819977 13.199649183847249 
