1.143413347845805004e-33
1.172018656558318557e-33
1.224430971142295729e-33
1.305653386951065375e-33
1.417516736647826844e-33
1.559335826542005594e-33
1.752563617683757397e-33
1.999636195036626256e-33
2.185648587567998054e-33
2.355947228770468484e-33
2.487265824612604235e-33
2.548128844020583351e-33
2.448485916727499611e-33
2.146204254133373748e-33
1.806899114735276420e-33
1.449504295953591394e-33
1.066349621660905159e-33
8.098161861603003533e-34
5.543784940423565113e-34
3.942972074540107261e-34
2.908551862063735291e-34
2.206608865959271715e-34
1.759574118890154236e-34
1.437703653223348633e-34
1.162676246386824847e-34
9.610722748236099211e-35
8.275666512896054740e-35
7.345805302944853562e-35
6.669935448945794284e-35
6.191292159003795548e-35
5.890511509426409978e-35
5.730493819070310763e-35
5.661341010293244963e-35
5.673614952981036162e-35
5.752888727289966094e-35
5.889248770948390038e-35
6.066856404930140021e-35
6.283768878406666200e-35
6.543201803698827163e-35
6.834070709180148268e-35
7.151493933988702855e-35
7.502114989212971675e-35
7.879857326668834046e-35
8.278212844671611604e-35
8.698669895048358487e-35
9.132560404083626284e-35
9.583934409846539620e-35
1.004736683508487031e-34
1.051714500169028832e-34
1.099785771038631022e-34
1.147849137192710725e-34
1.195310614839293868e-34
1.241644284350726557e-34
1.286171231546761602e-34
1.328587234016530634e-34
1.368284925191818456e-34
1.404834326659238398e-34
1.439004641584772034e-34
1.469191832654914098e-34
1.494946324578756757e-34
1.515951323802337645e-34
1.531943845722340823e-34
1.542720909437204345e-34
1.548144396858851116e-34
