2.223556023790589639e-31
2.237495482488594527e-31
2.262638692486539756e-31
2.300458996134999173e-31
2.350884894043843516e-31
2.414823558074841293e-31
2.490261236183983508e-31
2.574733566848697186e-31
2.637120276222764166e-31
2.696396915161832824e-31
2.743040542206310974e-31
2.722806867299322431e-31
2.671781825291761337e-31
2.570922757086562906e-31
2.439018070614909317e-31
2.328202447966257581e-31
2.256507887468152644e-31
2.190928398736303105e-31
1.959214201143489833e-31
1.144856450874508202e-31
5.413671004328522737e-32
3.667873430005925596e-32
3.524288563167647981e-32
3.900670582807892073e-32
4.398246490916930941e-32
4.911680303575215670e-32
5.299892004704714997e-32
5.410243962450393126e-32
5.200566475866500707e-32
4.448624335424477958e-32
3.208863960584034810e-32
2.133968040373922720e-32
1.476868621022696715e-32
1.126504877949916007e-32
9.245225323878128479e-33
8.100911536661358343e-33
7.530883829612670194e-33
7.314567721934688600e-33
7.243164155045852914e-33
7.259925286841712608e-33
7.325771997777244137e-33
7.320910984097212606e-33
7.263542556189213883e-33
7.159832436829353037e-33
6.979065741450501557e-33
6.772770886494647388e-33
6.559194293095147226e-33
6.352273788788261252e-33
6.181702440264302368e-33
6.037596574606623362e-33
5.930449743463861665e-33
5.846838995820417212e-33
5.792200749303875647e-33
5.749881454983040465e-33
5.723195794016457753e-33
5.710066140711624431e-33
5.702985828846061940e-33
5.740248917918644029e-33
5.780044168646181624e-33
5.815792565450090747e-33
5.844801654522261802e-33
5.866800435849519760e-33
5.881582442812390231e-33
5.889008479831567174e-33
