1.275196818115132328e-33
1.240191823764964525e-33
1.173146976974789384e-33
1.080988054283449905e-33
9.726802275044350664e-34
8.587017331935349660e-34
7.814524058124680489e-34
7.301500558683129554e-34
6.907231749330541022e-34
6.817615325623325794e-34
7.250603830232334207e-34
8.529035997935575421e-34
1.062617659426982541e-33
1.370093995230175988e-33
1.770006204869541848e-33
2.286061115649172349e-33
2.727810294298999210e-33
3.192977299019306192e-33
3.354762378839941962e-33
3.183000727632101017e-33
2.714208056818805762e-33
2.035756718098074331e-33
1.497252120559380464e-33
1.064527464802836040e-33
7.796086767001032882e-34
5.764388000250678774e-34
4.445141480238780576e-34
3.485534164518199971e-34
2.838797682857097913e-34
2.380412927267399490e-34
2.052269062106558166e-34
1.825429186725460305e-34
1.663994934298753565e-34
1.555950302903972178e-34
1.482439889200408531e-34
1.439211858537771156e-34
1.417186881371186398e-34
1.415404120788611942e-34
1.429913697137559131e-34
1.455523106445102698e-34
1.489737103418885288e-34
1.533681184829715133e-34
1.585887178950325171e-34
1.644757124567934673e-34
1.708922538041237570e-34
1.777998991091602140e-34
1.851941056519675395e-34
1.928872231472438080e-34
2.007494290897918290e-34
2.088630209921874804e-34
2.170076557615988636e-34
2.251215779271630918e-34
2.330912738804149932e-34
2.407688832493484825e-34
2.482233643900474908e-34
2.552007776389863226e-34
2.616242858112882397e-34
2.676728635280485275e-34
2.730169507092634849e-34
2.775731235006215860e-34
2.812869271314158798e-34
2.841132157527569590e-34
2.860171795216910819e-34
2.869751491624800508e-34
