   EFIT?   05/12/98      #141459  3890             3  65  65
  1.70000005e+00  3.20000005e+00  1.69550002e+00  8.39999974e-01  0.00000000e+00
  1.75616801e+00  2.55372971e-02 -1.22819193e-01  2.12542519e-01 -1.83165073e+00
  1.25790838e+06 -1.22819193e-01  0.00000000e+00  1.75616801e+00  0.00000000e+00
  2.55372971e-02  0.00000000e+00  2.12542519e-01  0.00000000e+00  0.00000000e+00
 -3.24166799e+00 -3.23419046e+00 -3.22697306e+00 -3.22001290e+00 -3.21330619e+00
 -3.20684981e+00 -3.20063949e+00 -3.19467187e+00 -3.18894315e+00 -3.18344927e+00
 -3.17818642e+00 -3.17315030e+00 -3.16833687e+00 -3.16374183e+00 -3.15936112e+00
 -3.15519023e+00 -3.15122485e+00 -3.14746022e+00 -3.14389205e+00 -3.14051580e+00
 -3.13732648e+00 -3.13431978e+00 -3.13149071e+00 -3.12883449e+00 -3.12634635e+00
 -3.12402129e+00 -3.12185431e+00 -3.11984086e+00 -3.11797523e+00 -3.11625290e+00
 -3.11466885e+00 -3.11321759e+00 -3.11189413e+00 -3.11069345e+00 -3.10961008e+00
 -3.10863924e+00 -3.10777545e+00 -3.10701346e+00 -3.10634804e+00 -3.10577393e+00
 -3.10528612e+00 -3.10487890e+00 -3.10454702e+00 -3.10428548e+00 -3.10408854e+00
 -3.10395145e+00 -3.10386825e+00 -3.10383415e+00 -3.10384345e+00 -3.10389113e+00
 -3.10397148e+00 -3.10407948e+00 -3.10420966e+00 -3.10435677e+00 -3.10451555e+00
 -3.10468030e+00 -3.10484600e+00 -3.10500717e+00 -3.10515881e+00 -3.10529518e+00
 -3.10541105e+00 -3.10550117e+00 -3.10556030e+00 -3.10558295e+00 -3.10556388e+00
  7.06342969e+04  6.96458984e+04  6.86538438e+04  6.76581328e+04  6.66587578e+04
  6.56557266e+04  6.46490391e+04  6.36386875e+04  6.26246797e+04  6.16070078e+04
  6.05856836e+04  5.95606953e+04  5.85320469e+04  5.74997422e+04  5.64637773e+04
  5.54241523e+04  5.43808711e+04  5.33339297e+04  5.22833281e+04  5.12290664e+04
  5.01711445e+04  4.91095664e+04  4.80443281e+04  4.69754297e+04  4.59028711e+04
  4.48266562e+04  4.37467812e+04  4.26632461e+04  4.15760508e+04  4.04851953e+04
  3.93906836e+04  3.82925117e+04  3.71906797e+04  3.60851914e+04  3.49760430e+04
  3.38632305e+04  3.27467637e+04  3.16266367e+04  3.05028496e+04  2.93754043e+04
  2.82442988e+04  2.71095352e+04  2.59711113e+04  2.48290273e+04  2.36832852e+04
  2.25338848e+04  2.13808242e+04  2.02241035e+04  1.90637246e+04  1.78996855e+04
  1.67319883e+04  1.55606309e+04  1.43856152e+04  1.32069395e+04  1.20246055e+04
  1.08386113e+04  9.64895801e+03  8.45564551e+03  7.25867383e+03  6.05804297e+03
  4.85375293e+03  3.64580371e+03  2.43419507e+03  1.21892712e+03  0.00000000e+00
 -4.70698738e+00 -4.53433990e+00 -4.36485004e+00 -4.19851875e+00 -4.03534555e+00
 -3.87533069e+00 -3.71847391e+00 -3.56477547e+00 -3.41423512e+00 -3.26685286e+00
 -3.12262893e+00 -2.98156333e+00 -2.84365559e+00 -2.70890641e+00 -2.57731509e+00
 -2.44888234e+00 -2.32360744e+00 -2.20149088e+00 -2.08253264e+00 -1.96673250e+00
 -1.85409057e+00 -1.74460685e+00 -1.63828135e+00 -1.53511393e+00 -1.43510485e+00
 -1.33825386e+00 -1.24456120e+00 -1.15402663e+00 -1.06665027e+00 -9.82432187e-01
 -9.01372254e-01 -8.23470592e-01 -7.48727024e-01 -6.77141726e-01 -6.08714640e-01
 -5.43445706e-01 -4.81334984e-01 -4.22382474e-01 -3.66588175e-01 -3.13952059e-01
 -2.64474154e-01 -2.18154460e-01 -1.74992949e-01 -1.34989649e-01 -9.81445462e-02
 -6.44576475e-02 -3.39289531e-02 -6.55845786e-03  1.76538359e-02  3.87079306e-02
  5.66038191e-02  7.13415146e-02  8.29209983e-02  9.13422853e-02  9.66053754e-02
  9.87102538e-02  9.76569429e-02  9.34454203e-02  8.60757008e-02  7.55477771e-02
  6.18616566e-02  4.50173318e-02  2.50148047e-02  1.85407791e-03 -2.44648512e-02
 -1.88274781e+05 -1.88973109e+05 -1.89671438e+05 -1.90369766e+05 -1.91068094e+05
 -1.91766422e+05 -1.92464734e+05 -1.93163062e+05 -1.93861391e+05 -1.94559719e+05
 -1.95258047e+05 -1.95956375e+05 -1.96654703e+05 -1.97353031e+05 -1.98051344e+05
 -1.98749672e+05 -1.99448000e+05 -2.00146328e+05 -2.00844656e+05 -2.01542984e+05
 -2.02241312e+05 -2.02939641e+05 -2.03637953e+05 -2.04336281e+05 -2.05034609e+05
 -2.05732938e+05 -2.06431266e+05 -2.07129594e+05 -2.07827922e+05 -2.08526234e+05
 -2.09224562e+05 -2.09922891e+05 -2.10621219e+05 -2.11319547e+05 -2.12017875e+05
 -2.12716203e+05 -2.13414531e+05 -2.14112844e+05 -2.14811172e+05 -2.15509500e+05
 -2.16207828e+05 -2.16906156e+05 -2.17604484e+05 -2.18302812e+05 -2.19001141e+05
 -2.19699453e+05 -2.20397781e+05 -2.21096109e+05 -2.21794438e+05 -2.22492766e+05
 -2.23191094e+05 -2.23889422e+05 -2.24587734e+05 -2.25286062e+05 -2.25984391e+05
 -2.26682719e+05 -2.27381047e+05 -2.28079375e+05 -2.28777703e+05 -2.29476031e+05
 -2.30174344e+05 -2.30872672e+05 -2.31571000e+05 -2.32269328e+05 -2.32967656e+05
  2.48576656e-01  2.43818656e-01  2.38519177e-01  2.32553199e-01  2.25919038e-01
  2.18714267e-01  2.11077541e-01  2.03124419e-01  1.95956513e-01  1.90600306e-01
  1.84032634e-01  1.74423099e-01  1.63980454e-01  1.57009453e-01  1.52710959e-01
  1.50768802e-01  1.51131898e-01  1.53908938e-01  1.59426644e-01  1.68378204e-01
  1.82102174e-01  1.96366668e-01  2.07956478e-01  2.17995256e-01  2.27118373e-01
  2.35721081e-01  2.44085908e-01  2.52446741e-01  2.61031091e-01  2.70067811e-01
  2.78512061e-01  2.86020011e-01  2.92691350e-01  2.98426479e-01  3.03142786e-01
  3.06678981e-01  3.09427619e-01  3.12504679e-01  3.15761745e-01  3.19136411e-01
  3.22620630e-01  3.26232105e-01  3.29992354e-01  3.33913922e-01  3.37996274e-01
  3.42226654e-01  3.46582592e-01  3.51034135e-01  3.55545819e-01  3.60077828e-01
  3.64587069e-01  3.69028181e-01  3.73354673e-01  3.77520114e-01  3.81479710e-01
  3.85191709e-01  3.88619155e-01  3.91731113e-01  3.94503951e-01  3.96922052e-01
  3.98977965e-01  4.00672317e-01  4.02012914e-01  4.03013885e-01  4.03694242e-01
  2.44963959e-01  2.39185736e-01  2.32900381e-01  2.25980833e-01  2.18378752e-01
  2.10160255e-01  2.02177525e-01  1.95662498e-01  1.90805167e-01  1.87569261e-01
  1.83350757e-01  1.77414760e-01  1.71171919e-01  1.66382134e-01  1.63342416e-01
  1.62114158e-01  1.62771508e-01  1.65443063e-01  1.70321956e-01  1.77642867e-01
  1.87437281e-01  1.98032558e-01  2.07912520e-01  2.17085838e-01  2.25749433e-01
  2.34101206e-01  2.42322430e-01  2.50587970e-01  2.59087712e-01  2.68019885e-01
  2.76378930e-01  2.83816397e-01  2.90434688e-01  2.96198696e-01  3.01042259e-01
  3.04820597e-01  3.07979316e-01  3.11583817e-01  3.15490782e-01  3.19620162e-01
  3.23935628e-01  3.28423649e-01  3.33080113e-01  3.37901652e-01  3.42880666e-01
  3.48002821e-01  3.53246212e-01  3.58581424e-01  3.63971680e-01  3.69373500e-01
  3.74737293e-01  3.80008459e-01  3.85128856e-01  3.90038520e-01  3.94678175e-01
  3.98991913e-01  4.02929962e-01  4.06451315e-01  4.09525931e-01  4.12135929e-01
  4.14276212e-01  4.15953636e-01  4.17185754e-01  4.17998701e-01  4.18424845e-01
  2.41987631e-01  2.35732168e-01  2.28931636e-01  2.21314847e-01  2.12746352e-01
  2.05364555e-01  1.99638963e-01  1.95623174e-01  1.93363771e-01  1.91245422e-01
  1.88595772e-01  1.85563520e-01  1.82582647e-01  1.80141389e-01  1.78613544e-01
  1.78238213e-01  1.79166660e-01  1.81493819e-01  1.85255811e-01  1.90389752e-01
  1.96667269e-01  2.03691930e-01  2.11061686e-01  2.18527243e-01  2.25990728e-01
  2.33442992e-01  2.40916699e-01  2.48458937e-01  2.56108850e-01  2.63824701e-01
  2.71275431e-01  2.78239727e-01  2.84679294e-01  2.90576547e-01  2.95918018e-01
  3.00724298e-01  3.05257231e-01  3.09886903e-01  3.14692736e-01  3.19685876e-01
  3.24868500e-01  3.30241591e-01  3.35804880e-01  3.41555297e-01  3.47485006e-01
  3.53579730e-01  3.59817505e-01  3.66167665e-01  3.72590214e-01  3.79035294e-01
  3.85443300e-01  3.91745329e-01  3.97864759e-01  4.03719664e-01  4.09226596e-01
  4.14305300e-01  4.18883801e-01  4.22903627e-01  4.26323771e-01  4.29123342e-01
  4.31302100e-01  4.32879180e-01  4.33889747e-01  4.34381038e-01  4.34407681e-01
  2.39606291e-01  2.33393773e-01  2.26880744e-01  2.19849825e-01  2.12410614e-01
  2.06969216e-01  2.03763828e-01  2.01514930e-01  1.99403703e-01  1.97336629e-01
  1.95288420e-01  1.93325624e-01  1.91597879e-01  1.90296918e-01  1.89610720e-01
  1.89694330e-01  1.90658480e-01  1.92565486e-01  1.95424438e-01  1.99184716e-01
  2.03735486e-01  2.08922163e-01  2.14580581e-01  2.20571220e-01  2.26795226e-01
  2.33191252e-01  2.39722520e-01  2.46360555e-01  2.53067285e-01  2.59779394e-01
  2.66410440e-01  2.72879899e-01  2.79136777e-01  2.85162508e-01  2.90970832e-01
  2.96613514e-01  3.02180648e-01  3.07774365e-01  3.13475370e-01  3.19335639e-01
  3.25386971e-01  3.31648886e-01  3.38132709e-01  3.44842792e-01  3.51776749e-01
  3.58924389e-01  3.66266578e-01  3.73773664e-01  3.81403655e-01  3.89100432e-01
  3.96792233e-01  4.04390723e-01  4.11791742e-01  4.18878019e-01  4.25524890e-01
  4.31608558e-01  4.37016487e-01  4.41657811e-01  4.45471853e-01  4.48433399e-01
  4.50553566e-01  4.51876104e-01  4.52470213e-01  4.52421486e-01  4.51822639e-01
  2.37139881e-01  2.31270999e-01  2.25799710e-01  2.20565587e-01  2.15691328e-01
  2.12334618e-01  2.09605351e-01  2.07269177e-01  2.05195382e-01  2.03318447e-01
  2.01624885e-01  2.00146869e-01  1.98953122e-01  1.98134750e-01  1.97788626e-01
  1.98002800e-01  1.98845699e-01  2.00359240e-01  2.02554777e-01  2.05412149e-01
  2.08882689e-01  2.12896943e-01  2.17375994e-01  2.22242594e-01  2.27428794e-01
  2.32878312e-01  2.38544554e-01  2.44386137e-01  2.50362277e-01  2.56430328e-01
  2.62547731e-01  2.68677652e-01  2.74795532e-01  2.80893236e-01  2.86981046e-01
  2.93087065e-01  2.99253404e-01  3.05528909e-01  3.11961204e-01  3.18591565e-01
  3.25453341e-01  3.32572311e-01  3.39967459e-01  3.47651362e-01  3.55630010e-01
  3.63901615e-01  3.72455209e-01  3.81268024e-01  3.90302390e-01  3.99501473e-01
  4.08784598e-01  4.18042451e-01  4.27133650e-01  4.35885370e-01  4.44100559e-01
  4.51573610e-01  4.58112508e-01  4.63562280e-01  4.67824399e-01  4.70867872e-01
  4.72730517e-01  4.73509759e-01  4.73344803e-01  4.72394556e-01  4.70818043e-01
  2.32790247e-01  2.26528913e-01  2.23372519e-01  2.20979840e-01  2.18473509e-01
  2.16108277e-01  2.13946790e-01  2.11978182e-01  2.10183516e-01  2.08556786e-01
  2.07110390e-01  2.05875263e-01  2.04897761e-01  2.04234302e-01  2.03944609e-01
  2.04084992e-01  2.04702407e-01  2.05830023e-01  2.07484424e-01  2.09664688e-01
  2.12353513e-01  2.15520516e-01  2.19126686e-01  2.23129243e-01  2.27485552e-01
  2.32155398e-01  2.37101749e-01  2.42290616e-01  2.47690514e-01  2.53272653e-01
  2.59011924e-01  2.64888793e-01  2.70891488e-01  2.77017683e-01  2.83275068e-01
  2.89681017e-01  2.96260744e-01  3.03044617e-01  3.10065299e-01  3.17355186e-01
  3.24944943e-01  3.32862586e-01  3.41133058e-01  3.49777788e-01  3.58814090e-01
  3.68254155e-01  3.78103077e-01  3.88355970e-01  3.98993522e-01  4.09975082e-01
  4.21228826e-01  4.32638466e-01  4.44026709e-01  4.55141187e-01  4.65654224e-01
  4.75191921e-01  4.83391851e-01  4.89964455e-01  4.94734585e-01  4.97662812e-01
  4.98850435e-01  4.98521358e-01  4.96973068e-01  4.94513899e-01  4.91416723e-01
  2.30270460e-01  2.23890468e-01  2.21945137e-01  2.21306220e-01  2.20219016e-01
  2.18876049e-01  2.17414662e-01  2.15920284e-01  2.14449465e-01  2.13046283e-01
  2.11751923e-01  2.10609153e-01  2.09663600e-01  2.08962932e-01  2.08554909e-01
  2.08484858e-01  2.08793178e-01  2.09513068e-01  2.10668400e-01  2.12271780e-01
  2.14324132e-01  2.16815859e-01  2.19729096e-01  2.23041102e-01  2.26726800e-01
  2.30760485e-01  2.35117003e-01  2.39772663e-01  2.44705915e-01  2.49898121e-01
  2.55334258e-01  2.61003882e-01  2.66902059e-01  2.73029923e-01  2.79395014e-01
  2.86010951e-01  2.92896867e-01  3.00076336e-01  3.07576090e-01  3.15425098e-01
  3.23653579e-01  3.32292676e-01  3.41373980e-01  3.50929499e-01  3.60991329e-01
  3.71591330e-01  3.82760167e-01  3.94525409e-01  4.06908303e-01  4.19917136e-01
  4.33535576e-01  4.47700918e-01  4.62263852e-01  4.76917446e-01  4.91104960e-01
  5.04029989e-01  5.14903367e-01  5.23168325e-01  5.28517723e-01  5.30876875e-01
  5.30457258e-01  5.27813256e-01  5.23684919e-01  5.18704236e-01  5.13298392e-01
  2.30568171e-01  2.24334836e-01  2.23037124e-01  2.23064810e-01  2.22631931e-01
  2.21850500e-01  2.20819324e-01  2.19625145e-01  2.18341723e-01  2.17032433e-01
  2.15753540e-01  2.14556783e-01  2.13491112e-01  2.12603390e-01  2.11938709e-01
  2.11540416e-01  2.11450219e-01  2.11708203e-01  2.12351590e-01  2.13406831e-01
  2.14888066e-01  2.16797054e-01  2.19124481e-01  2.21858189e-01  2.24984556e-01
  2.28488564e-01  2.32354239e-01  2.36566246e-01  2.41110906e-01  2.45977104e-01
  2.51156777e-01  2.56645471e-01  2.62442827e-01  2.68552750e-01  2.74983764e-01
  2.81748861e-01  2.88865268e-01  2.96354383e-01  3.04241151e-01  3.12553972e-01
  3.21324527e-01  3.30587864e-01  3.40382695e-01  3.50751966e-01  3.61743718e-01
  3.73412192e-01  3.85818958e-01  3.99034709e-01  4.13140446e-01  4.28229034e-01
  4.44404870e-01  4.61780310e-01  4.80461776e-01  5.00509322e-01  5.21663785e-01
  5.41064620e-01  5.56382239e-01  5.67259133e-01  5.73408008e-01  5.74506998e-01
  5.70241153e-01  5.61915040e-01  5.52920282e-01  5.43995738e-01  5.35386920e-01
  2.33272448e-01  2.27280900e-01  2.26140127e-01  2.26408646e-01  2.26201966e-01
  2.25595444e-01  2.24671841e-01  2.23513216e-01  2.22195789e-01  2.20788032e-01
  2.19350919e-01  2.17939019e-01  2.16601670e-01  2.15384126e-01  2.14328751e-01
  2.13476598e-01  2.12870404e-01  2.12561682e-01  2.12628141e-01  2.13114798e-01
  2.14048073e-01  2.15435356e-01  2.17246413e-01  2.19474480e-01  2.22117126e-01
  2.25168377e-01  2.28616193e-01  2.32449919e-01  2.36661196e-01  2.41244450e-01
  2.46197045e-01  2.51519173e-01  2.57214069e-01  2.63288081e-01  2.69751042e-01
  2.76616216e-01  2.83900470e-01  2.91624427e-01  2.99812526e-01  3.08493257e-01
  3.17699581e-01  3.27469438e-01  3.37846726e-01  3.48882675e-01  3.60637605e-01
  3.73183638e-01  3.86608273e-01  4.01019514e-01  4.16553497e-01  4.33385521e-01
  4.51747805e-01  4.71959412e-01  4.94480699e-01  5.20022392e-01  5.49093187e-01
  5.75345039e-01  5.95571637e-01  6.09672487e-01  6.17400944e-01  6.18031383e-01
  6.11224055e-01  5.96639931e-01  5.81386089e-01  5.67681611e-01  5.55457592e-01
  2.38088846e-01  2.32335463e-01  2.31210843e-01  2.31456146e-01  2.31151223e-01
  2.30380148e-01  2.29243338e-01  2.27833688e-01  2.26232678e-01  2.24510282e-01
  2.22726524e-01  2.20933184e-01  2.19175234e-01  2.17491850e-01  2.15916917e-01
  2.14478359e-01  2.13195413e-01  2.12070435e-01  2.11429760e-01  2.11285204e-01
  2.11675271e-01  2.12677330e-01  2.14022905e-01  2.15779498e-01  2.17984036e-01
  2.20648006e-01  2.23737031e-01  2.27242082e-01  2.31158346e-01  2.35485986e-01
  2.40227953e-01  2.45388716e-01  2.50974625e-01  2.56994158e-01  2.63458073e-01
  2.70379871e-01  2.77775854e-01  2.85665751e-01  2.94072926e-01  3.03024948e-01
  3.12554151e-01  3.22698504e-01  3.33502829e-01  3.45020503e-01  3.57315660e-01
  3.70466501e-01  3.84569734e-01  3.99746984e-01  4.16153997e-01  4.33994025e-01
  4.53538090e-01  4.75154996e-01  4.99355674e-01  5.26846409e-01  5.58528423e-01
  5.90691388e-01  6.15583777e-01  6.32957220e-01  6.42893016e-01  6.45290256e-01
  6.39261544e-01  6.24452472e-01  6.03528023e-01  5.85592747e-01  5.70381343e-01
  2.45133698e-01  2.39587516e-01  2.38613769e-01  2.38517255e-01  2.37690866e-01
  2.36347392e-01  2.34638065e-01  2.32672632e-01  2.30532780e-01  2.28282005e-01
  2.25971580e-01  2.23644212e-01  2.21336097e-01  2.19078377e-01  2.16898039e-01
  2.14819118e-01  2.12865531e-01  2.11069629e-01  2.09758773e-01  2.08933637e-01
  2.08604172e-01  2.08779156e-01  2.09444284e-01  2.10625425e-01  2.12378442e-01
  2.14802533e-01  2.17588142e-01  2.20803678e-01  2.24445581e-01  2.28527606e-01
  2.33063191e-01  2.38059744e-01  2.43525982e-01  2.49472007e-01  2.55908698e-01
  2.62848586e-01  2.70306557e-01  2.78300196e-01  2.86850452e-01  2.95982003e-01
  3.05723846e-01  3.16110134e-01  3.27181280e-01  3.38985234e-01  3.51579607e-01
  3.65034133e-01  3.79434109e-01  3.94885153e-01  4.11519229e-01  4.29503053e-01
  4.49048728e-01  4.70426768e-01  4.93980557e-01  5.20139158e-01  5.49427688e-01
  5.82287788e-01  6.10149503e-01  6.30072057e-01  6.42281711e-01  6.46866560e-01
  6.44060194e-01  6.32942557e-01  6.13411725e-01  5.93338668e-01  5.77001989e-01
  2.56205708e-01  2.51389921e-01  2.49491870e-01  2.47997910e-01  2.45863736e-01
  2.43397623e-01  2.40724340e-01  2.37912893e-01  2.35010073e-01  2.32051998e-01
  2.29068622e-01  2.26085782e-01  2.23125964e-01  2.20208526e-01  2.17349172e-01
  2.14557886e-01  2.11833343e-01  2.09495455e-01  2.07582563e-01  2.06118613e-01
  2.05122471e-01  2.04610929e-01  2.04600349e-01  2.05114290e-01  2.06183329e-01
  2.07839862e-01  2.10101619e-01  2.13063434e-01  2.16404900e-01  2.20216349e-01
  2.24541903e-01  2.29365513e-01  2.34698370e-01  2.40554288e-01  2.46941194e-01
  2.53868639e-01  2.61348277e-01  2.69394308e-01  2.78023690e-01  2.87256330e-01
  2.97115415e-01  3.07627827e-01  3.18824828e-01  3.30742866e-01  3.43424499e-01
  3.56919616e-01  3.71286958e-01  3.86595517e-01  4.02926266e-01  4.20373201e-01
  4.39043850e-01  4.59057719e-01  4.80542332e-01  5.03626883e-01  5.28443098e-01
  5.55187047e-01  5.82296729e-01  6.01817608e-01  6.14693224e-01  6.21429503e-01
  6.21817231e-01  6.16372108e-01  6.04310155e-01  5.87195814e-01  5.73241591e-01
  2.71286577e-01  2.68279552e-01  2.63567805e-01  2.58952200e-01  2.54814982e-01
  2.50870913e-01  2.47013569e-01  2.43199468e-01  2.39411607e-01  2.35645816e-01
  2.31904700e-01  2.28194430e-01  2.24523172e-01  2.20900208e-01  2.17336521e-01
  2.13847712e-01  2.10463241e-01  2.07499281e-01  2.04960003e-01  2.02858418e-01
  2.01211154e-01  2.00036854e-01  1.99355826e-01  1.99190706e-01  1.99565932e-01
  2.00506046e-01  2.02033520e-01  2.04169676e-01  2.06913084e-01  2.10323140e-01
  2.14520991e-01  2.19156578e-01  2.24331453e-01  2.30093539e-01  2.36420795e-01
  2.43318453e-01  2.50793278e-01  2.58855730e-01  2.67518133e-01  2.76794702e-01
  2.86701322e-01  2.97255665e-01  3.08477253e-01  3.20387661e-01  3.33010375e-01
  3.46370846e-01  3.60495776e-01  3.75412256e-01  3.91145378e-01  4.07714605e-01
  4.25126880e-01  4.43365157e-01  4.62368876e-01  4.81998503e-01  5.01967072e-01
  5.21689832e-01  5.40019751e-01  5.55460751e-01  5.67115009e-01  5.74695945e-01
  5.78191936e-01  5.77791810e-01  5.73993862e-01  5.67878127e-01  5.60960352e-01
  2.82336414e-01  2.79877007e-01  2.74288267e-01  2.68327355e-01  2.62861609e-01
  2.57730007e-01  2.52820432e-01  2.48060510e-01  2.43405700e-01  2.38829434e-01
  2.34316543e-01  2.29859039e-01  2.25453034e-01  2.21096024e-01  2.16783896e-01
  2.12505579e-01  2.08570123e-01  2.05012023e-01  2.01854542e-01  1.99117914e-01
  1.96822152e-01  1.94988266e-01  1.93638429e-01  1.92796156e-01  1.92485914e-01
  1.92732587e-01  1.93560943e-01  1.94995493e-01  1.97060660e-01  1.99787125e-01
  2.03204602e-01  2.07316041e-01  2.12190390e-01  2.17963591e-01  2.24238530e-01
  2.31107563e-01  2.38565713e-01  2.46625498e-01  2.55295455e-01  2.64584482e-01
  2.74500996e-01  2.85053164e-01  2.96248376e-01  3.08093220e-01  3.20592552e-01
  3.33748788e-01  3.47560167e-01  3.62018377e-01  3.77104998e-01  3.92785966e-01
  4.09003645e-01  4.25665259e-01  4.42626238e-01  4.59667712e-01  4.76468980e-01
  4.92586434e-01  5.07470489e-01  5.20555735e-01  5.31387627e-01  5.39697587e-01
  5.45412779e-01  5.48649132e-01  5.49706697e-01  5.49041808e-01  5.47173142e-01
  2.89872617e-01  2.87542313e-01  2.81908721e-01  2.75439084e-01  2.69278854e-01
  2.63378233e-01  2.57681966e-01  2.52143085e-01  2.46725380e-01  2.41402745e-01
  2.36157224e-01  2.30977282e-01  2.25856125e-01  2.20790371e-01  2.15778798e-01
  2.10820392e-01  2.06240416e-01  2.02044994e-01  1.98246181e-01  1.94859922e-01
  1.91905275e-01  1.89403683e-01  1.87378734e-01  1.85855582e-01  1.84860647e-01
  1.84421182e-01  1.84564918e-01  1.85319990e-01  1.86715037e-01  1.88779801e-01
  1.91544533e-01  1.95040181e-01  1.99306652e-01  2.04387471e-01  2.10307449e-01
  2.17191562e-01  2.24614128e-01  2.32666329e-01  2.41337195e-01  2.50633210e-01
  2.60555089e-01  2.71102130e-01  2.82270849e-01  2.94054747e-01  3.06443304e-01
  3.19420904e-01  3.32965106e-01  3.47044230e-01  3.61613959e-01  3.76612961e-01
  3.91957134e-01  4.07532871e-01  4.23189402e-01  4.38731700e-01  4.53917265e-01
  4.68461066e-01  4.82054591e-01  4.94398743e-01  5.05242169e-01  5.14412880e-01
  5.21835029e-01  5.27532756e-01  5.31621039e-01  5.34283638e-01  5.35739183e-01
  2.95671076e-01  2.93384224e-01  2.87549227e-01  2.80774623e-01  2.74184346e-01
  2.67759264e-01  2.61475742e-01  2.55309999e-01  2.49240994e-01  2.43251607e-01
  2.37328947e-01  2.31464267e-01  2.25652888e-01  2.19895214e-01  2.14199945e-01
  2.08593071e-01  2.03372121e-01  1.98532298e-01  1.94080487e-01  1.90030843e-01
  1.86402455e-01  1.83218107e-01  1.80503413e-01  1.78286120e-01  1.76595628e-01
  1.75462440e-01  1.74917698e-01  1.74992964e-01  1.75719887e-01  1.77130237e-01
  1.79255754e-01  1.82128415e-01  1.85781106e-01  1.90246820e-01  1.95557579e-01
  2.01748714e-01  2.08837241e-01  2.16946855e-01  2.25620747e-01  2.34945491e-01
  2.44898796e-01  2.55475402e-01  2.66662061e-01  2.78441995e-01  2.90793002e-01
  3.03687185e-01  3.17089528e-01  3.30956101e-01  3.45231652e-01  3.59846771e-01
  3.74714673e-01  3.89728248e-01  4.04757500e-01  4.19648588e-01  4.34225738e-01
  4.48296934e-01  4.61664587e-01  4.74139363e-01  4.85555679e-01  4.95784879e-01
  5.04743695e-01  5.12397110e-01  5.18755257e-01  5.23865104e-01  5.27798772e-01
  3.00106198e-01  2.97791719e-01  2.91764677e-01  2.84761876e-01  2.77853459e-01
  2.71026820e-01  2.64272243e-01  2.57580251e-01  2.50942260e-01  2.44350538e-01
  2.37798631e-01  2.31281042e-01  2.24792615e-01  2.18326718e-01  2.11870924e-01
  2.05718532e-01  1.99895725e-01  1.94420010e-01  1.89308390e-01  1.84580341e-01
  1.80258617e-01  1.76369369e-01  1.72941610e-01  1.70006856e-01  1.67598456e-01
  1.65751085e-01  1.64500058e-01  1.63880914e-01  1.63928881e-01  1.64678469e-01
  1.66163161e-01  1.68415189e-01  1.71465382e-01  1.75342977e-01  1.80075496e-01
  1.85689062e-01  1.92208186e-01  1.99660644e-01  2.08054975e-01  2.17512429e-01
  2.27539286e-01  2.38214225e-01  2.49499068e-01  2.61371940e-01  2.73801029e-01
  2.86749840e-01  3.00177217e-01  3.14035237e-01  3.28267515e-01  3.42807323e-01
  3.57576281e-01  3.72482866e-01  3.87422174e-01  4.02276129e-01  4.16915327e-01
  4.31202471e-01  4.44997251e-01  4.58162099e-01  4.70568180e-01  4.82100219e-01
  4.92659897e-01  5.02167284e-01  5.10560751e-01  5.17796457e-01  5.23847580e-01
  3.03304821e-01  3.00885856e-01  2.94876456e-01  2.87712723e-01  2.80550271e-01
  2.73383796e-01  2.66215593e-01  2.59050131e-01  2.51890391e-01  2.44737759e-01
  2.37592861e-01  2.30456144e-01  2.23328471e-01  2.16211110e-01  2.09104791e-01
  2.02316537e-01  1.95847496e-01  1.89706728e-01  1.83909401e-01  1.78476021e-01
  1.73431888e-01  1.68806493e-01  1.64632931e-01  1.60947263e-01  1.57787755e-01
  1.55194238e-01  1.53207242e-01  1.51867330e-01  1.51214331e-01  1.51286706e-01
  1.52120933e-01  1.53751016e-01  1.56208068e-01  1.59520105e-01  1.63711891e-01
  1.68805152e-01  1.74818844e-01  1.81769997e-01  1.89673677e-01  1.98548451e-01
  2.08392665e-01  2.19324082e-01  2.30804995e-01  2.42902115e-01  2.55554378e-01
  2.68717587e-01  2.82350719e-01  2.96408415e-01  3.10839027e-01  3.25584024e-01
  3.40577453e-01  3.55745673e-01  3.71007323e-01  3.86273623e-01  4.01449233e-01
  4.16433424e-01  4.31121469e-01  4.45405632e-01  4.59175795e-01  4.72318977e-01
  4.84718055e-01  4.96250212e-01  5.06786823e-01  5.16196251e-01  5.24351895e-01
  3.05769324e-01  3.03126127e-01  2.97123760e-01  2.89952427e-01  2.82562822e-01
  2.75053114e-01  2.67471224e-01  2.59840101e-01  2.52171934e-01  2.44473726e-01
  2.36750484e-01  2.29006991e-01  2.21250147e-01  2.13492632e-01  2.05761701e-01
  1.98335141e-01  1.91205263e-01  1.84377715e-01  1.77867576e-01  1.71697170e-01
  1.65894926e-01  1.60494477e-01  1.55533791e-01  1.51054442e-01  1.47100717e-01
  1.43718719e-01  1.40955448e-01  1.38857812e-01  1.37471691e-01  1.36840984e-01
  1.37006760e-01  1.38006538e-01  1.39873624e-01  1.42636791e-01  1.46320015e-01
  1.50942534e-01  1.56519219e-01  1.63061216e-01  1.70576766e-01  1.79072469e-01
  1.88553721e-01  1.99030444e-01  2.10491046e-01  2.23048121e-01  2.36096472e-01
  2.49633133e-01  2.63644189e-01  2.78093517e-01  2.92936504e-01  3.08124244e-01
  3.23604286e-01  3.39320928e-01  3.55214953e-01  3.71223748e-01  3.87281418e-01
  4.03318495e-01  4.19261158e-01  4.35029358e-01  4.50533271e-01  4.65667635e-01
  4.80303705e-01  4.94279504e-01  5.07391095e-01  5.19391954e-01  5.30007720e-01
  3.09130311e-01  3.06583583e-01  2.99911320e-01  2.92074740e-01  2.84188837e-01
  2.76219010e-01  2.68171072e-01  2.60052562e-01  2.51868933e-01  2.43624046e-01
  2.35320643e-01  2.26960704e-01  2.18544349e-01  2.10065424e-01  2.01798692e-01
  1.93762690e-01  1.85970694e-01  1.78438470e-01  1.71187192e-01  1.64244130e-01
  1.57642603e-01  1.51421592e-01  1.45625055e-01  1.40301183e-01  1.35501415e-01
  1.31279483e-01  1.27690211e-01  1.24788404e-01  1.22627549e-01  1.21258698e-01
  1.20729275e-01  1.21082105e-01  1.22354530e-01  1.24577820e-01  1.27776846e-01
  1.31969973e-01  1.37169495e-01  1.43382221e-01  1.50610730e-01  1.58854857e-01
  1.68114036e-01  1.78390697e-01  1.89694703e-01  2.02058122e-01  2.15527460e-01
  2.29500636e-01  2.44029790e-01  2.59038925e-01  2.74475724e-01  2.90297449e-01
  3.06465149e-01  3.22940916e-01  3.39687318e-01  3.56667548e-01  3.73845339e-01
  3.91184688e-01  4.08648551e-01  4.26195890e-01  4.43776518e-01  4.61321503e-01
  4.78727460e-01  4.95830655e-01  5.12367785e-01  5.27930558e-01  5.41958630e-01
  3.11693341e-01  3.09117347e-01  3.02118301e-01  2.93740124e-01  2.85338312e-01
  2.76883394e-01  2.68355578e-01  2.59744972e-01  2.51046747e-01  2.42258891e-01
  2.33381346e-01  2.24416897e-01  2.15374112e-01  2.06276074e-01  1.97386459e-01
  1.88695014e-01  1.80206418e-01  1.71935514e-01  1.63905606e-01  1.56147733e-01
  1.48700058e-01  1.41607374e-01  1.34920344e-01  1.28694728e-01  1.22990288e-01
  1.17869653e-01  1.13396965e-01  1.09636493e-01  1.06651090e-01  1.04500733e-01
  1.03241064e-01  1.02922015e-01  1.03586741e-01  1.05270691e-01  1.08001068e-01
  1.11796647e-01  1.16668001e-01  1.22618183e-01  1.29643828e-01  1.37736693e-01
  1.46885589e-01  1.57078505e-01  1.68304443e-01  1.80554077e-01  1.93814397e-01
  2.08055347e-01  2.23387137e-01  2.39153549e-01  2.55345076e-01  2.71946877e-01
  2.88942397e-01  3.06313932e-01  3.24045628e-01  3.42125833e-01  3.60548854e-01
  3.79316062e-01  3.98435950e-01  4.17923510e-01  4.37797904e-01  4.58077013e-01
  4.78766531e-01  4.99836922e-01  5.21167517e-01  5.42366147e-01  5.62213182e-01
  3.13465476e-01  3.10794890e-01  3.03348422e-01  2.94639319e-01  2.85862088e-01
  2.76997536e-01  2.68032551e-01  2.58956611e-01  2.49761760e-01  2.40441784e-01
  2.30991051e-01  2.21402422e-01  2.11663261e-01  2.02040404e-01  1.92545488e-01
  1.83186755e-01  1.73976585e-01  1.64934248e-01  1.56086966e-01  1.47470102e-01
  1.39127120e-01  1.31109059e-01  1.23473994e-01  1.16286062e-01  1.09614417e-01
  1.03531867e-01  9.81133431e-02  9.34342146e-02  8.95684585e-02  8.65868330e-02
  8.45550522e-02  8.35320652e-02  8.35685655e-02  8.47057924e-02  8.69746879e-02
  9.03955176e-02  9.49779674e-02  1.00721739e-01  1.07617684e-01  1.15649432e-01
  1.24795400e-01  1.35031223e-01  1.46332458e-01  1.58677608e-01  1.72051921e-01
  1.86454475e-01  2.01914936e-01  2.18483239e-01  2.35492393e-01  2.52942353e-01
  2.70836920e-01  2.89168447e-01  3.07933718e-01  3.27140242e-01  3.46809417e-01
  3.66978794e-01  3.87704521e-01  4.09064770e-01  4.31163818e-01  4.54138398e-01
  4.78166819e-01  5.03486156e-01  5.30431151e-01  5.59536576e-01  5.89768171e-01
  3.14188927e-01  3.11341524e-01  3.03859711e-01  2.94901520e-01  2.85821050e-01
  2.76609808e-01  2.67257452e-01  2.57754773e-01  2.48094425e-01  2.38270789e-01
  2.28279829e-01  2.18118623e-01  2.07784295e-01  1.97549880e-01  1.87403008e-01
  1.77342892e-01  1.67379096e-01  1.57531142e-01  1.47828341e-01  1.38309792e-01
  1.29023969e-01  1.20028444e-01  1.11389063e-01  1.03179120e-01  9.54780877e-02
  8.83701444e-02  8.19424018e-02  7.62829185e-02  7.14785531e-02  6.76126778e-02
  6.47629648e-02  6.29992262e-02  6.23814501e-02  6.29582554e-02  6.47656843e-02
  6.78265542e-02  7.21504018e-02  7.77340010e-02  8.45625401e-02  9.26113650e-02
  1.01848297e-01  1.12236403e-01  1.23737298e-01  1.36314824e-01  1.49939448e-01
  1.64593413e-01  1.80276588e-01  1.97011054e-01  2.14849293e-01  2.33145222e-01
  2.51977324e-01  2.71291703e-01  2.91075349e-01  3.11344802e-01  3.32141250e-01
  3.53530318e-01  3.75605315e-01  3.98493618e-01  4.22365993e-01  4.47450489e-01
  4.74052310e-01  5.02582729e-01  5.33603191e-01  5.67902863e-01  6.03657961e-01
  3.14488977e-01  3.11470509e-01  3.03833723e-01  2.94665337e-01  2.85334289e-01
  2.75826782e-01  2.66129911e-01  2.56235003e-01  2.46136159e-01  2.35829696e-01
  2.25314826e-01  2.14596838e-01  2.03695342e-01  1.92851350e-01  1.82043359e-01
  1.71266243e-01  1.60528108e-01  1.49848938e-01  1.39260188e-01  1.28804550e-01
  1.18535630e-01  1.08517587e-01  9.88244861e-02  8.95393118e-02  8.07526857e-02
  7.25611746e-02  6.50653392e-02  5.83674014e-02  5.25687076e-02  4.77670170e-02
  4.40537632e-02  4.15113941e-02  4.02109288e-02  4.02098894e-02  4.15507294e-02
  4.42598388e-02  4.83472943e-02  5.38072772e-02  6.06192760e-02  6.87499866e-02
  7.81558529e-02  8.87861624e-02  1.00586571e-01  1.13502949e-01  1.27485320e-01
  1.42491579e-01  1.58490434e-01  1.75462112e-01  1.93395019e-01  2.12272570e-01
  2.32247770e-01  2.52604336e-01  2.73361802e-01  2.94564515e-01  3.16275448e-01
  3.38578373e-01  3.61583799e-01  3.85437548e-01  4.10332322e-01  4.36523348e-01
  4.64349061e-01  4.94256735e-01  5.26829183e-01  5.62796891e-01  6.01217151e-01
  3.14604193e-01  3.11433762e-01  3.03347647e-01  2.94050306e-01  2.84544826e-01
  2.74792016e-01  2.64784932e-01  2.54522234e-01  2.44001850e-01  2.33219191e-01
  2.22165838e-01  2.10826561e-01  1.99449703e-01  1.88034907e-01  1.76579386e-01
  1.65085822e-01  1.53566048e-01  1.42042696e-01  1.30550086e-01  1.19134732e-01
  1.07855447e-01  9.67831239e-02  8.60002115e-02  7.55997747e-02  6.56841472e-02
  5.63631244e-02  4.77517098e-02  3.99675258e-02  3.31278071e-02  2.73462404e-02
  2.27296408e-02  1.93747301e-02  1.73651110e-02  1.67686529e-02  1.76354367e-02
  1.99963935e-02  2.38627791e-02  2.92264931e-02  3.60612907e-02  4.43248488e-02
  5.39615862e-02  6.49061203e-02  7.70872235e-02  9.04321149e-02  1.04870908e-01
  1.20341025e-01  1.36791572e-01  1.54187486e-01  1.72514334e-01  1.91784993e-01
  2.12053835e-01  2.33392850e-01  2.54978627e-01  2.76906431e-01  2.99254596e-01
  3.22105825e-01  3.45559597e-01  3.69741946e-01  3.94815624e-01  4.20993060e-01
  4.48554784e-01  4.77877766e-01  5.09481490e-01  5.44098139e-01  5.81107616e-01
  3.13391417e-01  3.09733093e-01  3.02409649e-01  2.93325931e-01  2.83700228e-01
  2.73705870e-01  2.63389409e-01  2.52766937e-01  2.41842523e-01  2.30614170e-01
  2.19075903e-01  2.07218692e-01  1.95297047e-01  1.83287695e-01  1.71178639e-01
  1.58968851e-01  1.46668896e-01  1.34301707e-01  1.21903308e-01  1.09523378e-01
  9.72254574e-02  8.50869119e-02  7.31984898e-02  6.16634116e-02  5.05959801e-02
  4.01196480e-02  3.03645562e-02  2.14645620e-02  1.35538438e-02  6.76318118e-03
  1.21606432e-03 -2.97518400e-03 -5.71306935e-03 -6.91815745e-03 -6.53167302e-03
 -4.51728795e-03 -8.61966400e-04  4.42422042e-03  1.13093220e-02  1.97417438e-02
  2.96533797e-02  4.09635119e-02  5.35833016e-02  6.74206689e-02  8.23854655e-02
  9.83947888e-02  1.15378462e-01  1.33285046e-01  1.52088732e-01  1.71798781e-01
  1.92473143e-01  2.14240029e-01  2.36321434e-01  2.58706003e-01  2.81412363e-01
  3.04478824e-01  3.27960938e-01  3.51931393e-01  3.76481354e-01  4.01722193e-01
  4.27788526e-01  4.54843700e-01  4.83095974e-01  5.12871861e-01  5.44133484e-01
  3.14557672e-01  3.11072677e-01  3.02887410e-01  2.93127030e-01  2.83094198e-01
  2.72747189e-01  2.62078702e-01  2.51086116e-01  2.39765674e-01  2.28111997e-01
  2.16118649e-01  2.03777492e-01  1.91327944e-01  1.78739846e-01  1.65995300e-01
  1.53089300e-01  1.40030175e-01  1.26840234e-01  1.13556445e-01  1.00230962e-01
  8.69315192e-02  7.37414956e-02  6.07595630e-02  4.80988435e-02  3.58854756e-02
  2.42565945e-02  1.33576384e-02  3.33905709e-03 -5.64752612e-03 -1.34535749e-02
 -1.99381523e-02 -2.49724742e-02 -2.84442622e-02 -3.02616395e-02 -3.03563271e-02
 -2.86859181e-02 -2.52350643e-02 -2.00154688e-02 -1.30646518e-02 -4.44355654e-03
  5.76691795e-03  1.74702499e-02  3.05592995e-02  4.49217595e-02  6.04458228e-02
  7.70259053e-02  9.45682898e-02  1.12996608e-01  1.32257104e-01  1.52323380e-01
  1.73199818e-01  1.94921151e-01  2.17541829e-01  2.40321070e-01  2.63254911e-01
  2.86347210e-01  3.09610009e-01  3.33059222e-01  3.56708556e-01  3.80560368e-01
  4.04590428e-01  4.28719193e-01  4.52751994e-01  4.76248801e-01  4.98307824e-01
  3.15406054e-01  3.11885238e-01  3.03180724e-01  2.93022692e-01  2.82613009e-01
  2.71911472e-01  2.60893404e-01  2.49540940e-01  2.37840235e-01  2.25780681e-01
  2.13356957e-01  2.00576246e-01  1.87644780e-01  1.74522623e-01  1.61186799e-01
  1.47629261e-01  1.33856654e-01  1.19890757e-01  1.05769254e-01  9.15463790e-02
  7.72935599e-02  6.30996004e-02  4.90704775e-02  3.53286006e-02  2.20113881e-02
  9.26914904e-03 -2.73779524e-03 -1.38427047e-02 -2.38766856e-02 -3.26734893e-02
 -4.00746427e-02 -4.59346883e-02 -5.01262546e-02 -5.25446311e-02 -5.31116128e-02
 -5.17782643e-02 -4.85264994e-02 -4.33692634e-02 -3.63493264e-02 -2.75367200e-02
 -1.70249809e-02 -4.92636487e-03  8.63364153e-03  2.35222839e-02  3.96056585e-02
  5.67547455e-02  7.48511180e-02  9.37921554e-02  1.13495514e-01  1.33902758e-01
  1.54981807e-01  1.76728070e-01  1.99164972e-01  2.22347364e-01  2.45488897e-01
  2.68557400e-01  2.91535765e-01  3.14403117e-01  3.37123960e-01  3.59637529e-01
  3.81843120e-01  4.03580070e-01  4.24601674e-01  4.44551915e-01  4.62969869e-01
  3.15426886e-01  3.11772287e-01  3.03160459e-01  2.92795241e-01  2.82133013e-01
  2.71156818e-01  2.59844452e-01  2.48174295e-01  2.36124694e-01  2.23672107e-01
  2.10787222e-01  1.97692603e-01  1.84364840e-01  1.70779645e-01  1.56919688e-01
  1.42778546e-01  1.28363103e-01  1.13695294e-01  9.88134891e-02  8.37737173e-02
  6.86504766e-02  5.35372421e-02  3.85464318e-02  2.38087568e-02  9.47185792e-03
 -4.30186978e-03 -1.73383094e-02 -2.94554904e-02 -4.04682420e-02 -5.01934886e-02
 -5.84559776e-02 -6.50941804e-02 -6.99660629e-02 -7.29543269e-02 -7.39708915e-02
 -7.29601830e-02 -6.99010715e-02 -6.48073182e-02 -5.77263385e-02 -4.87365611e-02
 -3.79433483e-02 -2.54738033e-02 -1.14708021e-02  3.91347660e-03  2.05241479e-02
  3.82100381e-02  5.68296537e-02  7.62564987e-02  9.63835418e-02  1.17126763e-01
  1.38427570e-01  1.60254046e-01  1.82600379e-01  2.05483273e-01  2.28929505e-01
  2.52015620e-01  2.74761140e-01  2.97145188e-01  3.19118828e-01  3.40605497e-01
  3.61497045e-01  3.81647676e-01  4.00870234e-01  4.18938786e-01  4.35602605e-01
  3.15556675e-01  3.11824620e-01  3.03038627e-01  2.92524844e-01  2.81691939e-01
  2.70519078e-01  2.58984506e-01  2.47066453e-01  2.34742954e-01  2.21990973e-01
  2.08785877e-01  1.95360601e-01  1.81669638e-01  1.67679518e-01  1.53368413e-01
  1.38727322e-01  1.23761497e-01  1.08491987e-01  9.29571763e-02  7.72141144e-02
  6.13395572e-02  4.54306416e-02  2.96050347e-02  1.40003776e-02 -1.22700923e-03
 -1.59043409e-02 -2.98455115e-02 -4.28551920e-02 -5.47338128e-02 -6.52832985e-02
 -7.43133277e-02 -8.16478357e-02 -8.71313810e-02 -9.06350836e-02 -9.20616239e-02
 -9.13490504e-02 -8.84730965e-02 -8.34478065e-02 -7.63244033e-02 -6.71884865e-02
 -5.61557077e-02 -4.33662124e-02 -2.89782137e-02 -1.31610436e-02  3.91193572e-03
  2.20701750e-02  4.11522873e-02  6.10116981e-02  8.15214515e-02  1.02578245e-01
  1.24105893e-01  1.46058664e-01  1.68425858e-01  1.91240236e-01  2.14597329e-01
  2.37602070e-01  2.60158211e-01  2.82199681e-01  3.03660929e-01  3.24464947e-01
  3.44517916e-01  3.63707244e-01  3.81902754e-01  3.98961663e-01  4.14738059e-01
  3.15659523e-01  3.11867028e-01  3.02884400e-01  2.92290360e-01  2.81363159e-01
  2.70067871e-01  2.58381575e-01  2.46284977e-01  2.33759135e-01  2.20783651e-01
  2.07336023e-01  1.93645030e-01  1.79661483e-01  1.65347740e-01  1.50678501e-01
  1.35641992e-01  1.20241366e-01  1.04496352e-01  8.84447545e-02  7.21439347e-02
  5.56720048e-02  3.91286239e-02  2.26352829e-02  6.33485056e-03 -9.60967503e-03
 -2.50173770e-02 -3.96926552e-02 -5.34294806e-02 -6.60166517e-02 -7.72438720e-02
 -8.69084150e-02 -9.48221460e-02 -1.00818418e-01 -1.04758501e-01 -1.06537119e-01
 -1.06086656e-01 -1.03379793e-01 -9.84303579e-02 -9.12922174e-02 -8.20564404e-02
 -7.08467439e-02 -5.78136183e-02 -4.31275554e-02 -2.69716550e-02 -9.53414757e-03
  8.99884198e-03  2.84499582e-02  4.86564897e-02  6.94753155e-02  9.07868519e-02
  1.12498008e-01  1.34544149e-01  1.56889647e-01  1.79525763e-01  2.02461630e-01
  2.25695834e-01  2.48263747e-01  2.70160019e-01  2.91345298e-01  3.11761528e-01
  3.31337214e-01  3.49989921e-01  3.67629349e-01  3.84161860e-01  3.99496406e-01
  3.15349072e-01  3.11433405e-01  3.02684486e-01  2.92167962e-01  2.81247169e-01
  2.69897074e-01  2.58114576e-01  2.45895013e-01  2.33227625e-01  2.20096037e-01
  2.06479222e-01  1.92602709e-01  1.78415626e-01  1.63878083e-01  1.48962364e-01
  1.33654505e-01  1.17955826e-01  1.01884641e-01  8.54778886e-02  6.87926933e-02
  5.19076735e-02  3.49238105e-02  1.79648604e-02  1.17696391e-03 -1.52725503e-02
 -3.11973691e-02 -4.63954657e-02 -6.06534779e-02 -7.37520903e-02 -8.54723975e-02
 -9.56028327e-02 -1.03946537e-01 -1.10328637e-01 -1.14603065e-01 -1.16658427e-01
 -1.16422571e-01 -1.13865487e-01 -1.09000251e-01 -1.01882063e-01 -9.26053226e-02
 -8.12989771e-02 -6.81204349e-02 -5.32485135e-02 -3.68757732e-02 -1.92007329e-02
 -4.20366967e-04  1.92768015e-02  3.97167392e-02  6.07449338e-02  8.22303966e-02
  1.04068652e-01  1.26184016e-01  1.48531556e-01  1.71100035e-01  1.93918690e-01
  2.17076242e-01  2.39636287e-01  2.61488527e-01  2.82564998e-01  3.02808285e-01
  3.22159767e-01  3.40556622e-01  3.57932627e-01  3.74221087e-01  3.89359057e-01
  3.15068960e-01  3.10876429e-01  3.02714646e-01  2.92493135e-01  2.81559885e-01
  2.70132542e-01  2.58258253e-01  2.45944664e-01  2.33183637e-01  2.19958514e-01
  2.06247047e-01  1.92272231e-01  1.77981198e-01  1.63332045e-01  1.48295149e-01
  1.32854819e-01  1.17010862e-01  1.00780308e-01  8.41991007e-02  6.73237070e-02
  5.02324477e-02  3.30264643e-02  1.58301387e-02 -1.20922213e-03 -1.79225393e-02
 -3.41211595e-02 -4.96001244e-02 -6.41425624e-02 -7.75251910e-02 -8.95247087e-02
 -9.99249369e-02 -1.08524293e-01 -1.15143329e-01 -1.19631693e-01 -1.21874236e-01
 -1.21795774e-01 -1.19364113e-01 -1.14591151e-01 -1.07531965e-01 -9.82818976e-02
 -8.69718492e-02 -7.37621784e-02 -5.88354543e-02 -4.23886850e-02 -2.46253777e-02
 -5.74789476e-03  1.40495757e-02  3.45871300e-02  5.57041839e-02  7.72633404e-02
  9.91530269e-02  1.21288911e-01  1.43613875e-01  1.66096270e-01  1.88725293e-01
  2.11500272e-01  2.34406084e-01  2.56416082e-01  2.77547270e-01  2.97784746e-01
  3.17094147e-01  3.35428953e-01  3.52736145e-01  3.68960917e-01  3.84051323e-01
  3.17597330e-01  3.13928008e-01  3.04685980e-01  2.93667316e-01  2.82395095e-01
  2.70785958e-01  2.58802891e-01  2.46421203e-01  2.33617514e-01  2.20366746e-01
  2.06641510e-01  1.92662776e-01  1.78375065e-01  1.63734540e-01  1.48710161e-01
  1.33284986e-01  1.17457733e-01  1.01244412e-01  8.46799761e-02  6.78198934e-02
  5.07414788e-02  3.35448720e-02  1.63534526e-02 -6.86442945e-04 -1.74066760e-02
 -3.36194485e-02 -4.91205491e-02 -6.36937097e-02 -7.71160573e-02 -8.91644880e-02
 -9.96227637e-02 -1.08288988e-01 -1.14983112e-01 -1.19553916e-01 -1.21885166e-01
 -1.21900357e-01 -1.19565830e-01 -1.14891924e-01 -1.07932128e-01 -9.87802222e-02
 -8.75656679e-02 -7.44474977e-02 -5.96071556e-02 -4.32407372e-02 -2.55510565e-02
 -6.73997262e-03  1.29986405e-02  3.34850624e-02  5.45588210e-02  7.60826394e-02
  9.79451761e-02  1.20062560e-01  1.42378494e-01  1.64862558e-01  1.87505290e-01
  2.10306764e-01  2.33250871e-01  2.55313456e-01  2.76509136e-01  2.96820581e-01
  3.16210628e-01  3.34629357e-01  3.52019489e-01  3.68321419e-01  3.83477986e-01
  3.18781435e-01  3.15224797e-01  3.05956304e-01  2.94761837e-01  2.83336520e-01
  2.71635473e-01  2.59614974e-01  2.47237772e-01  2.34470069e-01  2.21279368e-01
  2.07633153e-01  1.93752825e-01  1.79581031e-01  1.65073082e-01  1.50197491e-01
  1.34936959e-01  1.19289786e-01  1.03271328e-01  8.69156271e-02  7.02768937e-02
  5.34307919e-02  3.64753567e-02  1.95313934e-02  2.74216314e-03 -1.37277516e-02
 -2.96945609e-02 -4.49584387e-02 -5.93077727e-02 -7.25244805e-02 -8.43902007e-02
 -9.46932137e-02 -1.03235714e-01 -1.09841064e-01 -1.14360660e-01 -1.16679862e-01
 -1.16722681e-01 -1.14454769e-01 -1.09884642e-01 -1.03062823e-01 -9.40791517e-02
 -8.30582827e-02 -7.01537877e-02 -5.55411726e-02 -3.94103304e-02 -2.19577383e-02
 -3.37894936e-03  1.61383841e-02  3.64206806e-02  5.73136173e-02  7.86863640e-02
  1.00434884e-01  1.22484654e-01  1.44793272e-01  1.67354122e-01  1.90203592e-01
  2.13436618e-01  2.36121088e-01  2.58139729e-01  2.79418439e-01  2.99893737e-01
  3.19499701e-01  3.38163495e-01  3.55805874e-01  3.72344404e-01  3.87698710e-01
  3.19632500e-01  3.16205680e-01  3.06674033e-01  2.95505494e-01  2.84121871e-01
  2.72482216e-01  2.60550261e-01  2.48289421e-01  2.35663757e-01  2.22637504e-01
  2.09174648e-01  1.95499405e-01  1.81556031e-01  1.67301893e-01  1.52706996e-01
  1.37754992e-01  1.22444458e-01  1.06790498e-01  9.08263251e-02  7.46046081e-02
  5.81987575e-02  4.17036787e-02  2.52361186e-02  8.93432554e-03 -7.04311160e-03
 -2.25193221e-02 -3.73022221e-02 -5.11885956e-02 -6.39691725e-02 -7.54345357e-02
 -8.53816867e-02 -9.36209485e-02 -9.99828503e-02 -1.04324579e-01 -1.06535658e-01
 -1.06542282e-01 -1.04310267e-01 -9.98460799e-02 -9.31961313e-02 -8.44441950e-02
 -7.37071186e-02 -6.11292757e-02 -4.68758903e-02 -3.11258249e-02 -1.40641117e-02
  4.12528543e-03  2.32662465e-02  4.31965180e-02  6.37728646e-02  8.48752409e-02
  1.06410123e-01  1.28312990e-01  1.50550202e-01  1.73120826e-01  1.96058944e-01
  2.19439238e-01  2.42243394e-01  2.64442176e-01  2.85989076e-01  3.06821913e-01
  3.26861620e-01  3.46011400e-01  3.64158154e-01  3.81177038e-01  3.96940082e-01
  3.19354773e-01  3.15995067e-01  3.06884557e-01  2.95877963e-01  2.84670204e-01
  2.73229063e-01  2.61516929e-01  2.49497041e-01  2.37133682e-01  2.24390358e-01
  2.11225897e-01  1.97853729e-01  1.84239313e-01  1.70348257e-01  1.56153932e-01
  1.41641393e-01  1.26809731e-01  1.11673847e-01  9.62659568e-02  8.06368962e-02
  6.48571625e-02  4.90175895e-02  3.32295746e-02  1.76246222e-02  2.35322071e-03
 -1.24171888e-02 -2.65051350e-02 -3.97189818e-02 -5.18616885e-02 -6.27363101e-02
 -7.21521229e-02 -7.99309760e-02 -8.59136879e-02 -8.99659619e-02 -9.19835865e-02
 -9.18964744e-02 -8.96712616e-02 -8.53123143e-02 -7.88610280e-02 -7.03933835e-02
 -6.00160286e-02 -4.78610583e-02 -3.40798125e-02 -1.88361201e-02 -2.29926733e-03
  1.53628550e-02  3.39902230e-02  5.34364842e-02  7.35739842e-02  9.42978859e-02
  1.15529358e-01  1.37217686e-01  1.59340844e-01  1.81903094e-01  2.04925150e-01
  2.28415117e-01  2.51405299e-01  2.73911059e-01  2.95907885e-01  3.17339271e-01
  3.38116497e-01  3.58115107e-01  3.77172440e-01  3.95090282e-01  4.11647737e-01
  3.18727911e-01  3.15453321e-01  3.06538165e-01  2.95808077e-01  2.84921914e-01
  2.73822248e-01  2.62462765e-01  2.50808567e-01  2.38831505e-01  2.26508558e-01
  2.13823155e-01  2.00772136e-01  1.87552437e-01  1.74113661e-01  1.60423145e-01
  1.46463811e-01  1.32233962e-01  1.17747813e-01  1.03036314e-01  8.81480873e-02
  7.31501952e-02  5.81285916e-02  4.31882106e-02  2.84524430e-02  1.40619716e-02
  1.72823711e-04 -1.30463867e-02 -2.54180580e-02 -3.67599763e-02 -4.68903705e-02
 -5.56334369e-02 -6.28251284e-02 -6.83188736e-02 -7.19909221e-02 -7.37449527e-02
 -7.35156909e-02 -7.12712035e-02 -6.70137405e-02 -6.07790649e-02 -5.26342057e-02
 -4.26738821e-02 -3.10156960e-02 -1.77944824e-02 -3.15605849e-03  1.27492743e-02
  2.97731515e-02  4.77752686e-02  6.66289777e-02  8.62262771e-02  1.06482141e-01
  1.27338365e-01  1.48767471e-01  1.70777768e-01  1.93422660e-01  2.16821477e-01
  2.40098014e-01  2.63184071e-01  2.86047071e-01  3.08655322e-01  3.30958754e-01
  3.52872401e-01  3.74257296e-01  3.94897074e-01  4.14477080e-01  4.32588667e-01
  3.17398548e-01  3.14162672e-01  3.05353165e-01  2.95196772e-01  2.84864873e-01
  2.74267226e-01  2.63379157e-01  2.52185553e-01  2.40671769e-01  2.28822559e-01
  2.16621950e-01  2.04052538e-01  1.91345811e-01  1.78461701e-01  1.65372938e-01
  1.52065545e-01  1.38539508e-01  1.24809474e-01  1.10905580e-01  9.68742296e-02
  8.27787071e-02  6.86995164e-02  5.47343232e-02  4.09973674e-02  2.76183058e-02
  1.47403684e-02  2.51776981e-03 -8.88756663e-03 -1.93099771e-02 -2.85845846e-02
 -3.65522206e-02 -4.30645458e-02 -4.79890779e-02 -5.12138568e-02 -5.26514910e-02
 -5.22422455e-02 -4.99560125e-02 -4.57930006e-02 -3.97830606e-02 -3.19836363e-02
 -2.24765409e-02 -1.13636293e-02  1.23832596e-03  1.52033065e-02  3.04020010e-02
  4.67077643e-02  6.40023723e-02  8.21813866e-02  1.01158947e-01  1.20871887e-01
  1.41282931e-01  1.62382662e-01  1.84189275e-01  2.06745252e-01  2.30109125e-01
  2.53391832e-01  2.76663244e-01  2.99965650e-01  3.23326379e-01  3.46756876e-01
  3.70241612e-01  3.93713653e-01  4.17002112e-01  4.39716130e-01  4.61052716e-01
  3.14447373e-01  3.10936600e-01  3.03550750e-01  2.94413924e-01  2.84749120e-01
  2.74708092e-01  2.64338642e-01  2.53654599e-01  2.42655352e-01  2.31332585e-01
  2.19673097e-01  2.07660064e-01  1.95541754e-01  1.83285877e-01  1.70871690e-01
  1.58289731e-01  1.45542607e-01  1.32645890e-01  1.19629011e-01  1.06536031e-01
  9.34261605e-02  8.03739801e-02  6.74693063e-02  5.48165776e-02  4.25336845e-02
  3.07502579e-02  1.96052864e-02  9.24417563e-03 -1.84792822e-04 -8.53443798e-03
 -1.56629812e-02 -2.14384794e-02 -2.57431492e-02 -2.84773689e-02 -2.95630936e-02
 -2.89464667e-02 -2.65994482e-02 -2.25203130e-02 -1.67329982e-02 -9.28525906e-03
 -2.45772681e-04  1.02997087e-02  2.22529322e-02  3.55082601e-02  4.99580726e-02
  6.54983148e-02  8.20339471e-02  9.94842947e-02  1.17788076e-01  1.36908203e-01
  1.56836018e-01  1.77594483e-01  1.99237928e-01  2.21841633e-01  2.44649559e-01
  2.67675281e-01  2.90967286e-01  3.14594954e-01  3.38644832e-01  3.63220930e-01
  3.88446480e-01  4.14468855e-01  4.41473722e-01  4.69750822e-01  4.99264061e-01
  3.13894182e-01  3.10716450e-01  3.03232700e-01  2.94199884e-01  2.84888178e-01
  2.75289148e-01  2.65405297e-01  2.55237758e-01  2.44782686e-01  2.34030992e-01
  2.22968027e-01  2.11571053e-01  2.00083360e-01  1.88496321e-01  1.76799238e-01
  1.64987385e-01  1.53065383e-01  1.41049132e-01  1.28966823e-01  1.16859727e-01
  1.04782552e-01  9.28035825e-02  8.10044333e-02  6.94793910e-02  5.83342873e-02
  4.76849191e-02  3.76548804e-02  2.83729490e-02  1.99699961e-02  1.25755388e-02
  6.31405460e-03  1.30121573e-03 -2.35976302e-03 -4.58147004e-03 -5.29513136e-03
 -4.45275102e-03 -2.02840497e-03  1.98141020e-03  7.55843241e-03  1.46642774e-02
  2.32430082e-02  3.32245119e-02  4.45285477e-02  5.70692681e-02  7.07601234e-02
  8.55189040e-02  1.01272956e-01  1.17964484e-01  1.35556102e-01  1.54037133e-01
  1.73431754e-01  1.93811908e-01  2.15321720e-01  2.37175062e-01  2.59378225e-01
  2.81976134e-01  3.05046558e-01  3.28699470e-01  3.53081256e-01  3.78383428e-01
  4.04857427e-01  4.32838887e-01  4.62787867e-01  4.95351195e-01  5.29967904e-01
  3.13239038e-01  3.10269535e-01  3.02863151e-01  2.94086158e-01  2.85114944e-01
  2.75931776e-01  2.66526252e-01  2.56888688e-01  2.47009426e-01  2.36879006e-01
  2.26489276e-01  2.15836868e-01  2.04931781e-01  1.94009289e-01  1.83041885e-01
  1.72018901e-01  1.60942599e-01  1.49827093e-01  1.38698310e-01  1.27594069e-01
  1.16564207e-01  1.05670460e-01  9.49861258e-02  8.45953450e-02  7.45920315e-02
  6.50783777e-02  5.61629869e-02  4.79585193e-02  4.05790694e-02  3.41372117e-02
  2.87408940e-02  2.44902950e-02  2.14748010e-02  1.97702572e-02  1.94366705e-02
  2.05164924e-02  2.30336227e-02  2.69932095e-02  3.23822759e-02  3.91711928e-02
  4.73159254e-02  5.67609556e-02  6.74428195e-02  7.92940259e-02  9.22473967e-02
  1.06240496e-01  1.21220313e-01  1.37147903e-01  1.54002964e-01  1.71787918e-01
  1.90530598e-01  2.10284323e-01  2.31120899e-01  2.52209038e-01  2.73657799e-01
  2.95565903e-01  3.18044662e-01  3.41232628e-01  3.65308285e-01  3.90504569e-01
  4.17126805e-01  4.45574313e-01  4.76361901e-01  5.10128498e-01  5.46013594e-01
  3.12021017e-01  3.09203535e-01  3.02224040e-01  2.93776304e-01  2.85193145e-01
  2.76464611e-01  2.67572910e-01  2.58500516e-01  2.49231339e-01  2.39750922e-01
  2.30045885e-01  2.20102325e-01  2.09901214e-01  1.99692577e-01  1.89477071e-01
  1.79253727e-01  1.69027597e-01  1.58812717e-01  1.48633182e-01  1.38523459e-01
  1.28528535e-01  1.18703701e-01  1.09114118e-01  9.98341143e-02  9.09461677e-02
  8.25395733e-02  7.47087449e-02  6.75512403e-02  6.11655042e-02  5.56483977e-02
  5.10926172e-02  4.75841053e-02  4.51996028e-02  4.40044180e-02  4.40506078e-02
  4.53756228e-02  4.80015837e-02  5.19351847e-02  5.71683049e-02  6.36793151e-02
  7.14350194e-02  8.03931803e-02  9.05055627e-02  1.01721279e-01  1.13990523e-01
  1.27268478e-01  1.41519502e-01  1.56721652e-01  1.72871858e-01  1.89991027e-01
  2.08126470e-01  2.27355227e-01  2.46933728e-01  2.66877413e-01  2.87235111e-01
  3.08078408e-01  3.29502195e-01  3.51630598e-01  3.74625832e-01  3.98701072e-01
  4.24138337e-01  4.51313704e-01  4.80732709e-01  5.13086736e-01  5.46699822e-01
  3.10553849e-01  3.07913780e-01  3.01129669e-01  2.93047726e-01  2.84924686e-01
  2.76725531e-01  2.68417150e-01  2.59971529e-01  2.51366317e-01  2.42584392e-01
  2.33613119e-01  2.24444404e-01  2.15076849e-01  2.05523372e-01  1.96037069e-01
  1.86599284e-01  1.77208468e-01  1.67875454e-01  1.58621490e-01  1.49477556e-01
  1.40483916e-01  1.31689683e-01  1.23152316e-01  1.14936933e-01  1.07115358e-01
  9.97649357e-02  9.29670632e-02  8.68055224e-02  8.13645795e-02  7.67269433e-02
  7.29716569e-02  7.01720193e-02  6.83935657e-02  6.76923841e-02  6.81135878e-02
  6.96903840e-02  7.24434629e-02  7.63810650e-02  8.14995244e-02  8.77844393e-02
  9.52123776e-02  1.03753038e-01  1.13371886e-01  1.24032982e-01  1.35701999e-01
  1.48349330e-01  1.61953345e-01  1.76504344e-01  1.92011744e-01  2.08521739e-01
  2.26105362e-01  2.44031414e-01  2.62305707e-01  2.80942738e-01  2.99970597e-01
  3.19432557e-01  3.39388847e-01  3.59919578e-01  3.81129116e-01  4.03152317e-01
  4.26164776e-01  4.50402260e-01  4.76206571e-01  5.04154444e-01  5.33381760e-01
  3.08230996e-01  3.05722266e-01  2.99213707e-01  2.91633368e-01  2.84120113e-01
  2.76584804e-01  2.68968642e-01  2.61233836e-01  2.53355950e-01  2.45318800e-01
  2.37110823e-01  2.28722751e-01  2.20144406e-01  2.11359069e-01  2.02635080e-01
  1.93980634e-01  1.85405329e-01  1.76923916e-01  1.68557793e-01  1.60335749e-01
  1.52294055e-01  1.44476295e-01  1.36932865e-01  1.29720464e-01  1.22901209e-01
  1.16541632e-01  1.10711455e-01  1.05482198e-01  1.00925602e-01  9.71119627e-02
  9.41084549e-02  9.19774622e-02  9.07749832e-02  9.05492827e-02  9.13397595e-02
  9.31762010e-02  9.60784033e-02  1.00056238e-01  1.05110191e-01  1.11232385e-01
  1.18408091e-01  1.26617730e-01  1.35839254e-01  1.46050781e-01  1.57232940e-01
  1.69370770e-01  1.82454303e-01  1.96472526e-01  2.11398765e-01  2.27361456e-01
  2.43649051e-01  2.60259062e-01  2.77185738e-01  2.94425875e-01  3.11981887e-01
  3.29863071e-01  3.48085761e-01  3.66672575e-01  3.85650426e-01  4.05046016e-01
  4.24876899e-01  4.45131689e-01  4.65720147e-01  4.86298203e-01  5.05704939e-01
  3.04191798e-01  3.01591784e-01  2.95871764e-01  2.89265156e-01  2.82691270e-01
  2.76028693e-01  2.69236773e-01  2.62298465e-01  2.55205661e-01  2.47954458e-01
  2.40543276e-01  2.32971922e-01  2.25241497e-01  2.17355400e-01  2.09323451e-01
  2.01400027e-01  1.93592757e-01  1.85914621e-01  1.78384513e-01  1.71028182e-01
  1.63877964e-01  1.56972185e-01  1.50354773e-01  1.44074723e-01  1.38185427e-01
  1.32743821e-01  1.27809331e-01  1.23442777e-01  1.19705074e-01  1.16655923e-01
  1.14352450e-01  1.12847932e-01  1.12190522e-01  1.12422220e-01  1.13577992e-01
  1.15685225e-01  1.18763447e-01  1.22824483e-01  1.27872810e-01  1.33906394e-01
  1.40918002e-01  1.48897186e-01  1.57832995e-01  1.67717740e-01  1.78549513e-01
  1.90336078e-01  2.03110635e-01  2.16923326e-01  2.31120363e-01  2.45761633e-01
  2.60768116e-01  2.76088506e-01  2.91684389e-01  3.07524204e-01  3.23580354e-01
  3.39827418e-01  3.56239945e-01  3.72789294e-01  3.89438033e-01  4.06130999e-01
  4.22780156e-01  4.39239770e-01  4.55268055e-01  4.70481515e-01  4.84345645e-01
  2.98663795e-01  2.95534372e-01  2.91337460e-01  2.86381811e-01  2.80990094e-01
  2.75304288e-01  2.69387364e-01  2.63271928e-01  2.56977886e-01  2.50519067e-01
  2.43906349e-01  2.37149119e-01  2.30256185e-01  2.23236516e-01  2.16099650e-01
  2.08854869e-01  2.01764241e-01  1.94836289e-01  1.88083798e-01  1.81530282e-01
  1.75205067e-01  1.69141844e-01  1.63378492e-01  1.57956928e-01  1.52922750e-01
  1.48324475e-01  1.44212648e-01  1.40638858e-01  1.37654856e-01  1.35311484e-01
  1.33657604e-01  1.32739231e-01  1.32598415e-01  1.33272469e-01  1.34793311e-01
  1.37187019e-01  1.40473783e-01  1.44668117e-01  1.49778932e-01  1.55809671e-01
  1.62758842e-01  1.70621529e-01  1.79391727e-01  1.89074919e-01  1.99681595e-01
  2.11196333e-01  2.23736823e-01  2.36642972e-01  2.49909282e-01  2.63519168e-01
  2.77433276e-01  2.91604847e-01  3.05984795e-01  3.20523024e-01  3.35168242e-01
  3.49867284e-01  3.64563584e-01  3.79194438e-01  3.93686891e-01  4.07951742e-01
  4.21874970e-01  4.35307980e-01  4.48058933e-01  4.59891379e-01  4.70538795e-01
  2.95292705e-01  2.92182118e-01  2.88470745e-01  2.84269840e-01  2.79690802e-01
  2.74801970e-01  2.69658327e-01  2.64300555e-01  2.58758664e-01  2.53055722e-01
  2.47210294e-01  2.41238236e-01  2.35153735e-01  2.28969932e-01  2.22699031e-01
  2.16351613e-01  2.09934622e-01  2.03715280e-01  1.97676867e-01  1.91857919e-01
  1.86289012e-01  1.80999011e-01  1.76018938e-01  1.71383649e-01  1.67131975e-01
  1.63305327e-01  1.59946650e-01  1.57099739e-01  1.54808521e-01  1.53116554e-01
  1.52066216e-01  1.51697978e-01  1.52049705e-01  1.53155714e-01  1.55046269e-01
  1.57747135e-01  1.61280051e-01  1.65664062e-01  1.70915276e-01  1.77044868e-01
  1.84056371e-01  1.91948026e-01  2.00680584e-01  2.10303456e-01  2.20956400e-01
  2.32048318e-01  2.43645415e-01  2.55673289e-01  2.68075675e-01  2.80800521e-01
  2.93792516e-01  3.06991726e-01  3.20333570e-01  3.33749354e-01  3.47166628e-01
  3.60509396e-01  3.73698413e-01  3.86650831e-01  3.99279118e-01  4.11489248e-01
  4.23178405e-01  4.34232801e-01  4.44527179e-01  4.53928113e-01  4.62302119e-01
  2.93197185e-01  2.90217876e-01  2.86801696e-01  2.83035994e-01  2.78989762e-01
  2.74692833e-01  2.70176500e-01  2.65470088e-01  2.60599673e-01  2.55588233e-01
  2.50456095e-01  2.45221823e-01  2.39902765e-01  2.34515846e-01  2.29078263e-01
  2.23608762e-01  2.18130022e-01  2.12674692e-01  2.07223296e-01  2.02054530e-01
  1.97176859e-01  1.92599580e-01  1.88339621e-01  1.84423521e-01  1.80886969e-01
  1.77766606e-01  1.75098941e-01  1.72920644e-01  1.71268761e-01  1.70180649e-01
  1.69693753e-01  1.69845015e-01  1.70670331e-01  1.72203451e-01  1.74474567e-01
  1.77508801e-01  1.81326464e-01  1.85954675e-01  1.91427022e-01  1.97775677e-01
  2.05005601e-01  2.13236734e-01  2.21956521e-01  2.31263995e-01  2.41181493e-01
  2.51630396e-01  2.62561858e-01  2.73921460e-01  2.85652369e-01  2.97693908e-01
  3.09979677e-01  3.22436035e-01  3.34981501e-01  3.47527236e-01  3.59977961e-01
  3.72234046e-01  3.84194404e-01  3.95759195e-01  4.06832814e-01  4.17325824e-01
  4.27155882e-01  4.36247975e-01  4.44534391e-01  4.51955229e-01  4.58460003e-01
  2.91849583e-01  2.89022237e-01  2.85840988e-01  2.82402635e-01  2.78759986e-01
  2.74928302e-01  2.70926416e-01  2.66774505e-01  2.62492865e-01  2.58101344e-01
  2.53618956e-01  2.49064222e-01  2.44455144e-01  2.39809602e-01  2.35145584e-01
  2.30481282e-01  2.25834772e-01  2.21221939e-01  2.16650039e-01  2.12119788e-01
  2.07929179e-01  2.04043582e-01  2.00458080e-01  1.97192281e-01  1.94306910e-01
  1.91836759e-01  1.89809844e-01  1.88253984e-01  1.87198624e-01  1.86675325e-01
  1.86717764e-01  1.87361598e-01  1.88644379e-01  1.90604776e-01  1.93279535e-01
  1.96693018e-01  2.00825661e-01  2.05716908e-01  2.11449683e-01  2.18171880e-01
  2.25393713e-01  2.33204916e-01  2.41580561e-01  2.50515223e-01  2.59995550e-01
  2.69990593e-01  2.80462384e-01  2.91365594e-01  3.02647382e-01  3.14245939e-01
  3.26088697e-01  3.38090360e-01  3.50151807e-01  3.62159699e-01  3.73988539e-01
  3.85504842e-01  3.96574140e-01  4.07069653e-01  4.16880608e-01  4.25919175e-01
  4.34123963e-01  4.41460371e-01  4.47917908e-01  4.53505099e-01  4.58243340e-01
  2.90933430e-01  2.88258851e-01  2.85298437e-01  2.82137603e-01  2.78830349e-01
  2.75387317e-01  2.71821737e-01  2.68148690e-01  2.64384568e-01  2.60546207e-01
  2.56650865e-01  2.52715886e-01  2.48758793e-01  2.44797438e-01  2.40850076e-01
  2.36935765e-01  2.33074635e-01  2.29288653e-01  2.25603506e-01  2.22054362e-01
  2.18698218e-01  2.15553522e-01  2.12612525e-01  2.09830716e-01  2.07531586e-01
  2.05678180e-01  2.04266161e-01  2.03307047e-01  2.02821001e-01  2.02833712e-01
  2.03375399e-01  2.04481319e-01  2.06194088e-01  2.08569273e-01  2.11688057e-01
  2.15686664e-01  2.20143035e-01  2.25170195e-01  2.30830893e-01  2.37146229e-01
  2.44063377e-01  2.51565188e-01  2.59636790e-01  2.68265307e-01  2.77435631e-01
  2.87126929e-01  2.97311991e-01  3.07955950e-01  3.19014430e-01  3.30431044e-01
  3.42133731e-01  3.54030728e-01  3.66006047e-01  3.77916187e-01  3.89589787e-01
  4.00833607e-01  4.11447167e-01  4.21244293e-01  4.30074960e-01  4.37840670e-01
  4.44501370e-01  4.50074792e-01  4.54628378e-01  4.58263606e-01  4.61095095e-01
  2.90268332e-01  2.87742794e-01  2.84978986e-01  2.82063276e-01  2.79048294e-01
  2.75942385e-01  2.72756517e-01  2.69503504e-01  2.66197622e-01  2.62853891e-01
  2.59487987e-01  2.56115973e-01  2.52754360e-01  2.49420106e-01  2.46130869e-01
  2.42905140e-01  2.39762709e-01  2.36725062e-01  2.33816147e-01  2.31062889e-01
  2.28494525e-01  2.26136625e-01  2.24013716e-01  2.22158566e-01  2.20635951e-01
  2.19479322e-01  2.18712270e-01  2.18356207e-01  2.18433261e-01  2.18967125e-01
  2.19983488e-01  2.21510068e-01  2.23576367e-01  2.26212457e-01  2.29444787e-01
  2.33283535e-01  2.37686664e-01  2.42654502e-01  2.48196959e-01  2.54319251e-01
  2.61016607e-01  2.68284321e-01  2.76118129e-01  2.84513623e-01  2.93465257e-01
  3.02964658e-01  3.12999427e-01  3.23551089e-01  3.34592789e-01  3.46085310e-01
  3.57971787e-01  3.70169908e-01  3.82561058e-01  3.94976169e-01  4.07180190e-01
  4.18866009e-01  4.29680258e-01  4.39290196e-01  4.47451949e-01  4.54037666e-01
  4.59034413e-01  4.62540418e-01  4.64760065e-01  4.65974361e-01  4.66472179e-01
  2.89722294e-01  2.87318408e-01  2.84729481e-01  2.82040060e-01  2.79286414e-01
  2.76477724e-01  2.73626029e-01  2.70744354e-01  2.67846376e-01  2.64946252e-01
  2.62058526e-01  2.59197921e-01  2.56379604e-01  2.53619105e-01  2.50932455e-01
  2.48336405e-01  2.45848641e-01  2.43487969e-01  2.41274476e-01  2.39229560e-01
  2.37375736e-01  2.35736042e-01  2.34334707e-01  2.33198747e-01  2.32358396e-01
  2.31840402e-01  2.31668159e-01  2.31863096e-01  2.32445896e-01  2.33437210e-01
  2.34857947e-01  2.36729205e-01  2.39071816e-01  2.41905078e-01  2.45244861e-01
  2.49100894e-01  2.53475785e-01  2.58374840e-01  2.63805777e-01  2.69776434e-01
  2.76293874e-01  2.83365130e-01  2.90997833e-01  2.99200326e-01  3.07981461e-01
  3.17350090e-01  3.27314526e-01  3.37881237e-01  3.49052936e-01  3.60825598e-01
  3.73183072e-01  3.86088818e-01  3.99471492e-01  4.13199425e-01  4.27027911e-01
  4.40483481e-01  4.52741802e-01  4.62991565e-01  4.70857292e-01  4.76235986e-01
  4.79157954e-01  4.79786694e-01  4.78521496e-01  4.76140052e-01  4.73460466e-01
  2.89200515e-01  2.86888570e-01  2.84464687e-01  2.81973004e-01  2.79443562e-01
  2.76891470e-01  2.74331242e-01  2.71776915e-01  2.69242376e-01  2.66741186e-01
  2.64286846e-01  2.61892736e-01  2.59572268e-01  2.57339001e-01  2.55206794e-01
  2.53189892e-01  2.51303166e-01  2.49562070e-01  2.47982815e-01  2.46582314e-01
  2.45378107e-01  2.44388312e-01  2.43631661e-01  2.43127570e-01  2.42895827e-01
  2.42955461e-01  2.43324518e-01  2.44020179e-01  2.45059073e-01  2.46457636e-01
  2.48232216e-01  2.50399172e-01  2.52974629e-01  2.55974054e-01  2.59411752e-01
  2.63300598e-01  2.67652303e-01  2.72478998e-01  2.77793854e-01  2.83611119e-01
  2.89946258e-01  2.96816319e-01  3.04240406e-01  3.12240124e-01  3.20840269e-01
  3.30069184e-01  3.39959502e-01  3.50548655e-01  3.61879170e-01  3.73998433e-01
  3.86957765e-01  4.00809824e-01  4.15604830e-01  4.31387395e-01  4.48204726e-01
  4.66187447e-01  4.82352346e-01  4.93925601e-01  5.01558661e-01  5.05602062e-01
  5.05769610e-01  5.02371013e-01  4.94992256e-01  4.86349136e-01  4.79817748e-01
  2.88681835e-01  2.86450058e-01  2.84132242e-01  2.81780273e-01  2.79425889e-01
  2.77084947e-01  2.74772912e-01  2.72504449e-01  2.70293385e-01  2.68152535e-01
  2.66094059e-01  2.64129460e-01  2.62269944e-01  2.60526568e-01  2.58910507e-01
  2.57433087e-01  2.56105959e-01  2.54941136e-01  2.53950953e-01  2.53148019e-01
  2.52545238e-01  2.52155572e-01  2.51992106e-01  2.52067894e-01  2.52395809e-01
  2.52988338e-01  2.53857493e-01  2.55014896e-01  2.56471992e-01  2.58240312e-01
  2.60331690e-01  2.62758315e-01  2.65533000e-01  2.68669128e-01  2.72180647e-01
  2.76082098e-01  2.80388981e-01  2.85118073e-01  2.90287822e-01  2.95918614e-01
  3.02033126e-01  3.08656722e-01  3.15818340e-01  3.23551148e-01  3.31893831e-01
  3.40892285e-01  3.50601554e-01  3.61088693e-01  3.72436196e-01  3.84746373e-01
  3.98146182e-01  4.12792534e-01  4.28876460e-01  4.46626455e-01  4.66315538e-01
  4.86937374e-01  5.02965689e-01  5.14213145e-01  5.20890951e-01  5.22838831e-01
  5.20243645e-01  5.12573242e-01  5.00727355e-01  4.90429401e-01  4.82084960e-01
  2.88077295e-01  2.85877049e-01  2.83616424e-01  2.81354129e-01  2.79125184e-01
  2.76948571e-01  2.74841905e-01  2.72820801e-01  2.70898730e-01  2.69087106e-01
  2.67395824e-01  2.65833676e-01  2.64408737e-01  2.63128906e-01  2.62002140e-01
  2.61036515e-01  2.60240406e-01  2.59622365e-01  2.59191006e-01  2.58955002e-01
  2.58922786e-01  2.59102523e-01  2.59501904e-01  2.60128230e-01  2.60988146e-01
  2.62087762e-01  2.63432711e-01  2.65028387e-01  2.66880155e-01  2.68993825e-01
  2.71375984e-01  2.74034500e-01  2.76978761e-01  2.80220002e-01  2.83771545e-01
  2.87648946e-01  2.91869998e-01  2.96455055e-01  3.01426917e-01  3.06811035e-01
  3.12635750e-01  3.18932742e-01  3.25737685e-01  3.33091348e-01  3.41041148e-01
  3.49643439e-01  3.58966589e-01  3.69095564e-01  3.80138189e-01  3.92234147e-01
  4.05567586e-01  4.20383841e-01  4.37007874e-01  4.55849826e-01  4.77229625e-01
  4.96130824e-01  5.10476470e-01  5.20154774e-01  5.25002837e-01  5.25036991e-01
  5.19703746e-01  5.08881450e-01  4.97185379e-01  4.87326384e-01  4.79003191e-01
  2.87305534e-01  2.85075724e-01  2.82812327e-01  2.80577809e-01  2.78416306e-01
  2.76353031e-01  2.74409294e-01  2.72601813e-01  2.70942718e-01  2.69440293e-01
  2.68100202e-01  2.66926527e-01  2.65922904e-01  2.65093058e-01  2.64441192e-01
  2.63972074e-01  2.63690948e-01  2.63603300e-01  2.63714582e-01  2.64029950e-01
  2.64553905e-01  2.65290141e-01  2.66241342e-01  2.67409146e-01  2.68794000e-01
  2.70395279e-01  2.72211522e-01  2.74240762e-01  2.76480943e-01  2.78930694e-01
  2.81590074e-01  2.84461200e-01  2.87549138e-01  2.90862411e-01  2.94413239e-01
  2.98217893e-01  3.02296460e-01  3.06672513e-01  3.11373085e-01  3.16428006e-01
  3.21870029e-01  3.27734858e-01  3.34061474e-01  3.40893090e-01  3.48278552e-01
  3.56274307e-01  3.64947468e-01  3.74380112e-01  3.84675950e-01  3.95970136e-01
  4.08445895e-01  4.22363073e-01  4.38110322e-01  4.56289053e-01  4.75907624e-01
  4.92229760e-01  5.04310429e-01  5.12060702e-01  5.15401244e-01  5.13695002e-01
  5.06735981e-01  4.96227562e-01  4.86746341e-01  4.78474200e-01  4.71244574e-01
  2.86309898e-01  2.83965051e-01  2.81605989e-01  2.79312521e-01  2.77142256e-01
  2.75132179e-01  2.73309946e-01  2.71692306e-01  2.70286262e-01  2.69092202e-01
  2.68106937e-01  2.67326444e-01  2.66747415e-01  2.66368359e-01  2.66189575e-01
  2.66213089e-01  2.66441911e-01  2.66879618e-01  2.67529547e-01  2.68394232e-01
  2.69475073e-01  2.70771861e-01  2.72282600e-01  2.74003357e-01  2.75928050e-01
  2.78048664e-01  2.80355394e-01  2.82837063e-01  2.85481930e-01  2.88278818e-01
  2.91218311e-01  2.94294477e-01  2.97506094e-01  3.00857723e-01  3.04360420e-01
  3.08031708e-01  3.11895072e-01  3.15978944e-01  3.20315659e-01  3.24940383e-01
  3.29890043e-01  3.35203052e-01  3.40918928e-01  3.47078890e-01  3.53726268e-01
  3.60907942e-01  3.68675590e-01  3.77087831e-01  3.86212647e-01  3.96130711e-01
  4.06939387e-01  4.18758124e-01  4.31735158e-01  4.46040630e-01  4.61086154e-01
  4.73716676e-01  4.83085871e-01  4.89124775e-01  4.91654307e-01  4.90366966e-01
  4.85038042e-01  4.78141814e-01  4.71672386e-01  4.65671390e-01  4.60128486e-01
  2.85045534e-01  2.82455653e-01  2.79862791e-01  2.77372539e-01  2.75077134e-01
  2.73043245e-01  2.71309733e-01  2.69885331e-01  2.68758535e-01  2.67908871e-01
  2.67314911e-01  2.66958654e-01  2.66827375e-01  2.66914129e-01  2.67216772e-01
  2.67736703e-01  2.68477380e-01  2.69442767e-01  2.70636082e-01  2.72058964e-01
  2.73710757e-01  2.75588125e-01  2.77684838e-01  2.79991537e-01  2.82495618e-01
  2.85180807e-01  2.88027436e-01  2.91012406e-01  2.94110358e-01  2.97295362e-01
  3.00543368e-01  3.03835183e-01  3.07159603e-01  3.10515374e-01  3.13912600e-01
  3.17372501e-01  3.20925802e-01  3.24610293e-01  3.28468055e-01  3.32542777e-01
  3.36877644e-01  3.41514051e-01  3.46491039e-01  3.51845056e-01  3.57610285e-01
  3.63818675e-01  3.70499820e-01  3.77680391e-01  3.85381997e-01  3.93617034e-01
  4.02379394e-01  4.11625266e-01  4.21233058e-01  4.30927962e-01  4.40201938e-01
  4.48394328e-01  4.54948485e-01  4.59527194e-01  4.61978018e-01  4.62332010e-01
  4.60874021e-01  4.58148032e-01  4.54729170e-01  4.51013565e-01  4.47226137e-01
  2.83504397e-01  2.80500233e-01  2.77443677e-01  2.74478704e-01  2.71821290e-01
  2.69661933e-01  2.68039823e-01  2.66898334e-01  2.66162246e-01  2.65763700e-01
  2.65649348e-01  2.65782088e-01  2.66140282e-01  2.66715407e-01  2.67508596e-01
  2.68526793e-01  2.69779235e-01  2.71274805e-01  2.73019910e-01  2.75017232e-01
  2.77265161e-01  2.79757857e-01  2.82485247e-01  2.85433263e-01  2.88583308e-01
  2.91911483e-01  2.95387149e-01  2.98972309e-01  3.02621692e-01  3.06285381e-01
  3.09913546e-01  3.13463092e-01  3.16904455e-01  3.20226908e-01  3.23441088e-01
  3.26578259e-01  3.29686284e-01  3.32823575e-01  3.36051941e-01  3.39431077e-01
  3.43014657e-01  3.46848845e-01  3.50971967e-01  3.55414838e-01  3.60201299e-01
  3.65348130e-01  3.70864630e-01  3.76750737e-01  3.82994175e-01  3.89565080e-01
  3.96407843e-01  4.03429449e-01  4.10485148e-01  4.17367667e-01  4.23812568e-01
  4.29531544e-01  4.34264362e-01  4.37823772e-01  4.40120459e-01  4.41173345e-01
  4.41107005e-01  4.40125823e-01  4.38464969e-01  4.36341465e-01  4.33928967e-01
  2.81983346e-01  2.78379768e-01  2.74479330e-01  2.70287305e-01  2.66206712e-01
  2.64104992e-01  2.62935191e-01  2.62408912e-01  2.62344718e-01  2.62615114e-01
  2.63132721e-01  2.63846159e-01  2.64735758e-01  2.65806079e-01  2.67076343e-01
  2.68571973e-01  2.70318180e-01  2.72335678e-01  2.74638146e-01  2.77230799e-01
  2.80110598e-01  2.83267617e-01  2.86687136e-01  2.90351421e-01  2.94239372e-01
  2.98324168e-01  3.02568495e-01  3.06919008e-01  3.11302364e-01  3.15626323e-01
  3.19789857e-01  3.23699981e-01  3.27289671e-01  3.30530047e-01  3.33436310e-01
  3.36065948e-01  3.38509470e-01  3.40873003e-01  3.43259782e-01  3.45757842e-01
  3.48435670e-01  3.51343513e-01  3.54516387e-01  3.57977122e-01  3.61738235e-01
  3.65802854e-01  3.70164663e-01  3.74806792e-01  3.79699647e-01  3.84798080e-01
  3.90037715e-01  3.95331115e-01  4.00565743e-01  4.05605435e-01  4.10298020e-01
  4.14489925e-01  4.18044657e-01  4.20860499e-01  4.22883272e-01  4.24111724e-01
  4.24594432e-01  4.24419105e-01  4.23695624e-01  4.22539145e-01  4.21056658e-01
  2.81069428e-01  2.76933134e-01  2.72182375e-01  2.66581237e-01  2.60237217e-01
  2.56366134e-01  2.55590290e-01  2.56329983e-01  2.57409513e-01  2.58678734e-01
  2.60021180e-01  2.61386067e-01  2.62789220e-01  2.64287382e-01  2.65950561e-01
  2.67844945e-01  2.70025313e-01  2.72532612e-01  2.75391728e-01  2.78609812e-01
  2.82176018e-01  2.86066502e-01  2.90253967e-01  2.94716716e-01  2.99440473e-01
  3.04413080e-01  3.09612572e-01  3.14989358e-01  3.20442319e-01  3.25799853e-01
  3.30837280e-01  3.35340887e-01  3.39164376e-01  3.42244595e-01  3.44605416e-01
  3.46366078e-01  3.47731858e-01  3.48935753e-01  3.50167453e-01  3.51550967e-01
  3.53158832e-01  3.55030894e-01  3.57187122e-01  3.59634668e-01  3.62371206e-01
  3.65386337e-01  3.68661612e-01  3.72170091e-01  3.75875205e-01  3.79729539e-01
  3.83673966e-01  3.87636930e-01  3.91535521e-01  3.95278037e-01  3.98769110e-01
  4.01916683e-01  4.04640138e-01  4.06878054e-01  4.08593655e-01  4.09777492e-01
  4.10446286e-01  4.10638601e-01  4.10408288e-01  4.09817129e-01  4.08928216e-01
  2.81272888e-01  2.77099341e-01  2.72223502e-01  2.66334951e-01  2.59207368e-01
  2.53654033e-01  2.50518262e-01  2.49939844e-01  2.51964688e-01  2.54704922e-01
  2.57045805e-01  2.58956581e-01  2.60632545e-01  2.62296587e-01  2.64124155e-01
  2.66238064e-01  2.68726110e-01  2.71653652e-01  2.75065213e-01  2.78974563e-01
  2.83346355e-01  2.88097054e-01  2.93145657e-01  2.98460722e-01  3.04058701e-01
  3.09983611e-01  3.16289067e-01  3.23017567e-01  3.30153167e-01  3.37446332e-01
  3.44168872e-01  3.49745154e-01  3.53977740e-01  3.56785417e-01  3.58145595e-01
  3.58184844e-01  3.57500523e-01  3.56857657e-01  3.56532663e-01  3.56581956e-01
  3.57006848e-01  3.57793689e-01  3.58924985e-01  3.60381603e-01  3.62142414e-01
  3.64183277e-01  3.66475791e-01  3.68986487e-01  3.71676028e-01  3.74498755e-01
  3.77402693e-01  3.80329818e-01  3.83217424e-01  3.86000127e-01  3.88612866e-01
  3.90994549e-01  3.93092006e-01  3.94863516e-01  3.96281421e-01  3.97333354e-01
  3.98022026e-01  3.98363233e-01  3.98383111e-01  3.98114800e-01  3.97594839e-01
  2.82746375e-01  2.79165149e-01  2.75048047e-01  2.70280480e-01  2.64853597e-01
  2.58920729e-01  2.53552347e-01  2.50604719e-01  2.50405431e-01  2.53223568e-01
  2.55965531e-01  2.57503480e-01  2.58548349e-01  2.59782344e-01  2.61387020e-01
  2.63449728e-01  2.66044676e-01  2.69252509e-01  2.73168683e-01  2.77901411e-01
  2.83502102e-01  2.89497763e-01  2.95502216e-01  3.01589698e-01  3.07896405e-01
  3.14577520e-01  3.21813673e-01  3.29833716e-01  3.38965744e-01  3.49682420e-01
  3.58977646e-01  3.65883261e-01  3.70692164e-01  3.73207897e-01  3.73320550e-01
  3.70661348e-01  3.66334945e-01  3.63448650e-01  3.61516207e-01  3.60282153e-01
  3.59600514e-01  3.59382689e-01  3.59571189e-01  3.60124171e-01  3.61006200e-01
  3.62183273e-01  3.63620222e-01  3.65279526e-01  3.67120624e-01  3.69099975e-01
  3.71171236e-01  3.73285741e-01  3.75393540e-01  3.77444685e-01  3.79391074e-01
  3.81188214e-01  3.82797360e-01  3.84187192e-01  3.85335147e-01  3.86228055e-01
  3.86861920e-01  3.87241304e-01  3.87377858e-01  3.87288600e-01  3.86994183e-01
  2.85210252e-01  2.82762676e-01  2.79836923e-01  2.76339233e-01  2.72324413e-01
  2.67975986e-01  2.63551325e-01  2.59327978e-01  2.56766111e-01  2.57774055e-01
  2.59115040e-01  2.59180069e-01  2.58826196e-01  2.59340107e-01  2.60552883e-01
  2.62416452e-01  2.64957398e-01  2.68243492e-01  2.72396266e-01  2.77648866e-01
  2.84431815e-01  2.91481882e-01  2.97991693e-01  3.04354936e-01  3.10844094e-01
  3.17689747e-01  3.25130880e-01  3.33458155e-01  3.43065619e-01  3.54390025e-01
  3.64296705e-01  3.71623516e-01  3.76617938e-01  3.79137456e-01  3.78961295e-01
  3.75642776e-01  3.70516509e-01  3.66805881e-01  3.64079475e-01  3.62052470e-01
  3.60570192e-01  3.59552383e-01  3.58953118e-01  3.58737737e-01  3.58872414e-01
  3.59321058e-01  3.60045224e-01  3.61004740e-01  3.62158149e-01  3.63463223e-01
  3.64877254e-01  3.66357625e-01  3.67862284e-01  3.69350672e-01  3.70784491e-01
  3.72128814e-01  3.73353034e-01  3.74431878e-01  3.75345856e-01  3.76081705e-01
  3.76632363e-01  3.76996428e-01  3.77177626e-01  3.77183765e-01  3.77025813e-01
  6.96613312e-01  7.08863437e-01  7.18264520e-01  7.28970170e-01  7.40368664e-01
  7.52200484e-01  7.64557362e-01  7.77785361e-01  7.90635467e-01  8.04510951e-01
  8.18823457e-01  8.33428621e-01  8.48626614e-01  8.64640057e-01  8.81247580e-01
  8.98293197e-01  9.16034341e-01  9.34540331e-01  9.53905284e-01  9.73791480e-01
  9.94528651e-01  1.01611567e+00  1.03858352e+00  1.06199396e+00  1.08633745e+00
  1.11167216e+00  1.13807380e+00  1.16563213e+00  1.19438565e+00  1.22441185e+00
  1.25575614e+00  1.28843331e+00  1.32267022e+00  1.35853016e+00  1.39607227e+00
  1.43532264e+00  1.47646284e+00  1.51976287e+00  1.56521857e+00  1.61287832e+00
  1.66301596e+00  1.71595061e+00  1.77166879e+00  1.83045304e+00  1.89248967e+00
  1.95828867e+00  2.02769971e+00  2.10151315e+00  2.17988348e+00  2.26334476e+00
  2.35194087e+00  2.44739437e+00  2.54878187e+00  2.65812302e+00  2.77618861e+00
  2.90362525e+00  3.04332089e+00  3.19632125e+00  3.36704326e+00  3.55839467e+00
  3.77999854e+00  4.04393530e+00  4.37685776e+00  4.87733746e+00  7.46055412e+00
   89   86
  1.09377027e+00 -5.00000007e-02  1.09417796e+00  5.00000007e-02  1.09895289e+00
  1.50000006e-01  1.10562503e+00  2.25612313e-01  1.11421669e+00  3.00000012e-01
  1.12989116e+00  4.00000006e-01  1.14017820e+00  4.49999988e-01  1.15875006e+00
  5.25650144e-01  1.18169260e+00  6.00000024e-01  1.20118356e+00  6.49999976e-01
  1.22486639e+00  6.99999988e-01  1.25414765e+00  7.50000000e-01  1.29156256e+00
  7.99339473e-01  1.31812501e+00  8.28286767e-01  1.34468746e+00  8.52197111e-01
  1.39781249e+00  8.86979997e-01  1.42491150e+00  8.99999976e-01  1.47749996e+00
  9.19172049e-01  1.53062499e+00  9.28693473e-01  1.58375001e+00  9.31178510e-01
  1.63687503e+00  9.27639961e-01  1.69000006e+00  9.18300927e-01  1.74312496e+00
  9.02444899e-01  1.76968753e+00  8.91759515e-01  1.82281256e+00  8.67579103e-01
  1.85374796e+00  8.50000024e-01  1.90250003e+00  8.18517506e-01  1.92906249e+00
  7.98401952e-01  1.98218751e+00  7.55374074e-01  2.00874996e+00  7.30258167e-01
  2.03819323e+00  6.99999988e-01  2.08003950e+00  6.49999976e-01  2.11500001e+00
  6.02934778e-01  2.14156246e+00  5.60707688e-01  2.16812491e+00  5.12319624e-01
  2.19468760e+00  4.56654638e-01  2.21783495e+00  4.00000006e-01  2.23690104e+00
  3.49999994e-01  2.25441909e+00  3.00000012e-01  2.27437496e+00  2.32073694e-01
  2.29311776e+00  1.50000006e-01  2.30093741e+00  8.59372541e-02  2.30216217e+00
  0.00000000e+00  2.29575300e+00 -5.00000007e-02  2.27437496e+00 -1.41590923e-01
  2.25582576e+00 -2.00000003e-01  2.23659396e+00 -2.50000000e-01  2.21539569e+00
 -3.00000012e-01  2.19263291e+00 -3.49999994e-01  2.16812491e+00 -4.01244193e-01
  2.14156246e+00 -4.50679749e-01  2.11158562e+00 -5.00000000e-01  2.07893538e+00
 -5.50000012e-01  2.04311061e+00 -6.00000024e-01  2.00874996e+00 -6.43158197e-01
  1.98218751e+00 -6.75007641e-01  1.95562506e+00 -7.05083430e-01  1.91261744e+00
 -7.50000000e-01  1.87593746e+00 -7.86932886e-01  1.84937501e+00 -8.12812865e-01
  1.80843163e+00 -8.50000024e-01  1.76968753e+00 -8.84992301e-01  1.74312496e+00
 -9.08071458e-01  1.69168377e+00 -9.49999988e-01  1.66343749e+00 -9.72128630e-01
  1.62444341e+00 -1.00000000e+00  1.58375001e+00 -1.02972686e+00  1.55263960e+00
 -1.04999995e+00  1.50406253e+00 -1.08386970e+00  1.47749996e+00 -1.10158682e+00
  1.42437506e+00 -1.13398457e+00  1.39460516e+00 -1.14999998e+00  1.34468746e+00
 -1.18473780e+00  1.29839301e+00 -1.20240295e+00  1.26957321e+00 -1.10000002e+00
  1.25795138e+00 -1.04999995e+00  1.23843753e+00 -9.51890588e-01  1.22913790e+00
 -8.99999976e-01  1.21187496e+00 -8.14714491e-01  1.19897354e+00 -7.50000000e-01
  1.18531251e+00 -6.86340213e-01  1.16697681e+00 -6.00000024e-01  1.15631425e+00
 -5.50000012e-01  1.13715935e+00 -4.49999988e-01  1.12813544e+00 -4.00000006e-01
  1.11329234e+00 -3.00000012e-01  1.10562503e+00 -2.34421924e-01  1.09804058e+00
 -1.50000006e-01  1.09377027e+00 -5.00000007e-02
  1.01600003e+00  0.00000000e+00  1.01600003e+00  9.63999987e-01  1.01600003e+00
  9.67999995e-01  1.01600003e+00  1.00100005e+00  1.01600003e+00  1.01900005e+00
  1.01600003e+00  1.07700002e+00  1.01600003e+00  1.07000005e+00  1.01600003e+00
  1.09599996e+00  1.01600003e+00  1.11300004e+00  1.01600003e+00  1.13800001e+00
  1.01600003e+00  1.14699996e+00  1.01199996e+00  1.16499996e+00  1.00100005e+00
  1.21700001e+00  1.02900004e+00  1.21700001e+00  1.04200006e+00  1.16240001e+00
  1.04600000e+00  1.16237998e+00  1.05599999e+00  1.16260004e+00  1.09700000e+00
  1.16450000e+00  1.10800004e+00  1.16594005e+00  1.11600006e+00  1.16591001e+00
  1.13399994e+00  1.16895998e+00  1.14800000e+00  1.17174995e+00  1.16199994e+00
  1.17556000e+00  1.18099999e+00  1.18299997e+00  1.18200004e+00  1.18350005e+00
  1.18499994e+00  1.18499994e+00  1.19000006e+00  1.18799996e+00  1.19500005e+00
  1.19099998e+00  1.20099998e+00  1.19599998e+00  1.20899999e+00  1.20200002e+00
  1.21500003e+00  1.20799994e+00  1.22200000e+00  1.21399999e+00  1.22800004e+00
  1.22099996e+00  1.23399997e+00  1.23099995e+00  1.23899996e+00  1.23800004e+00
  1.24199998e+00  1.24399996e+00  1.24800003e+00  1.25399995e+00  1.25800002e+00
  1.27800000e+00  1.26300001e+00  1.28999996e+00  1.27999997e+00  1.33099997e+00
  1.27999997e+00  1.34700000e+00  1.27999997e+00  1.34800005e+00  1.30999994e+00
  1.34800005e+00  1.32799995e+00  1.34800005e+00  1.36099994e+00  1.34800005e+00
  1.38000000e+00  1.34800005e+00  1.41900003e+00  1.34800005e+00  1.41900003e+00
  1.30999994e+00  1.37199998e+00  1.30999994e+00  1.37199998e+00  1.29200006e+00
  1.60800004e+00  1.09500003e+00  1.64699996e+00  1.07700002e+00  1.78499997e+00
  1.07700002e+00  2.06999993e+00  1.03999996e+00  2.12800002e+00  9.92999971e-01
  2.24499989e+00  7.08999991e-01  2.32299995e+00  5.18999994e-01  2.37700009e+00
  3.88999999e-01  2.36249995e+00  4.00000006e-01  2.36443496e+00  2.22000003e-01
  2.36496902e+00  1.33000001e-01  2.36532402e+00  4.39999998e-02  2.36512089e+00
 -4.39999998e-02  2.36484194e+00 -1.33000001e-01  2.36433411e+00 -2.22000003e-01
  2.36249995e+00 -4.00000006e-01  2.37700009e+00 -3.88999999e-01  2.13400006e+00
 -9.72999990e-01  1.78600001e+00 -1.17400002e+00  1.76800001e+00 -1.21099997e+00
  1.76800001e+00 -1.25000000e+00  1.68200004e+00 -1.25000000e+00  1.37199998e+00
 -1.25000000e+00  1.37199998e+00 -1.32900000e+00  1.41999996e+00 -1.32900000e+00
  1.41999996e+00 -1.36300004e+00  1.27300000e+00 -1.36300004e+00  1.15300000e+00
 -1.36300004e+00  1.01600003e+00 -1.22300005e+00  1.01600003e+00 -1.22300005e+00
  1.01600003e+00 -8.29999983e-01  1.01600003e+00 -8.00000012e-01  1.01600003e+00
 -4.14999992e-01  1.01600003e+00 -4.00000006e-01  1.01600003e+00 -1.00000005e-03
  1.01600003e+00  0.00000000e+00
    0 0.000000000e+00    0
  0.00000000e+00  7.94690773e-02  1.13039270e-01  1.39108166e-01  1.61311030e-01
  1.81138694e-01  1.99279204e-01  2.14929044e-01  2.30856478e-01  2.46193588e-01
  2.60874242e-01  2.74869412e-01  2.88503647e-01  3.01771641e-01  3.14749479e-01
  3.27388197e-01  3.39771926e-01  3.52015615e-01  3.64073247e-01  3.75977010e-01
  3.87738556e-01  3.99387509e-01  4.10991192e-01  4.22502458e-01  4.33958292e-01
  4.45375443e-01  4.56754744e-01  4.68144596e-01  4.79510903e-01  4.90896404e-01
  5.02309680e-01  5.13730347e-01  5.25210440e-01  5.36738753e-01  5.48337638e-01
  5.59998691e-01  5.71731269e-01  5.83578765e-01  5.95534205e-01  6.07580423e-01
  6.19754076e-01  6.32083416e-01  6.44547760e-01  6.57183528e-01  6.69971883e-01
  6.82978213e-01  6.96136773e-01  7.09559798e-01  7.23181069e-01  7.37072229e-01
  7.51186669e-01  7.65670538e-01  7.80371606e-01  7.95454085e-01  8.10887396e-01
  8.26684296e-01  8.42935026e-01  8.59642446e-01  8.76887143e-01  8.94674420e-01
  9.13180470e-01  9.32488859e-01  9.52803493e-01  9.74645376e-01  1.00000000e+00
    0
