4.585931444139923534e-32
4.636050232860483514e-32
4.736872159808983628e-32
4.889465868569346717e-32
5.095168776042563532e-32
5.346368830190301971e-32
5.648564943348261044e-32
6.003165659953052632e-32
6.394051381211071568e-32
6.795923216188911854e-32
7.192202821615871442e-32
7.502850262003188816e-32
7.582536280265137067e-32
7.137439826745511837e-32
5.845818154973604941e-32
4.131168671575942019e-32
2.424189849238629696e-32
1.422004438822233479e-32
8.073955640572467260e-33
5.105966443341814610e-33
3.394678882207480450e-33
2.658683187551428979e-33
2.302365689245289552e-33
2.354286159126322169e-33
2.553902905743779934e-33
2.911992287840373287e-33
3.247439078348827694e-33
3.366143828866590715e-33
3.206258254822269342e-33
2.774560541587786685e-33
2.313237979632864621e-33
1.853477870496748382e-33
1.493383156782025661e-33
1.233001862798295371e-33
1.035599245299918325e-33
8.951722157500028866e-34
7.900859367853296205e-34
7.149906432773383268e-34
6.626492863675298555e-34
6.255528268707216262e-34
6.029338339640951835e-34
5.884138227117185220e-34
5.810259332782632033e-34
5.806604934700164645e-34
5.847613746806325025e-34
5.927127300397182196e-34
6.036122852449940043e-34
6.162685329600470328e-34
6.315510934076359849e-34
6.475696989162516565e-34
6.652831695912865117e-34
6.829267765582411467e-34
7.015386527800630083e-34
7.196016649572730408e-34
7.372991896391519721e-34
7.543854817334530756e-34
7.702156364237156672e-34
7.847848723038201740e-34
7.981171249031305151e-34
8.095123949444031558e-34
8.188174566131886338e-34
8.259075324922958245e-34
8.306876577832916447e-34
8.330938289354829651e-34
