1.904540152253375893e-32
1.902611755267680633e-32
1.900659632538980031e-32
1.899607669715544957e-32
1.901994477731805700e-32
1.902766501179369265e-32
1.907848161293113267e-32
1.924516419664851255e-32
1.973783156034867851e-32
2.039456723668109185e-32
2.137998478648685950e-32
2.294206890740414713e-32
2.494084984868245892e-32
2.794650435897883032e-32
3.141790224455220946e-32
3.593916040009763940e-32
4.106378622838588398e-32
4.673694300986578585e-32
5.167350299284623180e-32
5.446340304133240803e-32
5.219540513614550821e-32
4.344893512978493679e-32
3.003808217811131124e-32
1.832723844172347740e-32
1.119652682747116116e-32
7.209732719010403957e-33
5.122078382486320346e-33
4.211023482273958644e-33
3.851292576491224996e-33
3.863988993795930155e-33
4.119985453139662676e-33
4.425246021218685216e-33
4.674154687917539140e-33
4.730562217761673405e-33
4.539897981123272946e-33
4.126645455819226685e-33
3.608152142826997002e-33
3.115290681907060513e-33
2.715359366017968177e-33
2.386397562182920485e-33
2.129180575202249968e-33
1.941732247148328465e-33
1.803174201224747171e-33
1.704194719440128136e-33
1.636856370133644914e-33
1.591922849723499204e-33
1.564685697012422119e-33
1.549835500576465937e-33
1.549207439499591705e-33
1.555458613455459787e-33
1.570248544856029247e-33
1.587856944918228308e-33
1.609901316606724715e-33
1.632698157010988976e-33
1.656981136742498638e-33
1.681657451121843076e-33
1.704933064820616532e-33
1.727130871221822897e-33
1.748374664790468327e-33
1.766638263917517763e-33
1.781616081162056228e-33
1.793063663482165502e-33
1.800797489589929796e-33
1.804695057876494283e-33
