7.093203349489665719e-34
7.198305443934367432e-34
7.410200331808760633e-34
7.730477151816291501e-34
8.155307778445107111e-34
8.233891233474476336e-34
8.308466231067310312e-34
8.344596063652345270e-34
8.113912802143657521e-34
7.448841395661147415e-34
6.468750885560454528e-34
5.877310401727202846e-34
4.995080707506507889e-34
4.146537522817685618e-34
3.279371573689023005e-34
2.573271502375534168e-34
1.998023095056908463e-34
1.663294250121156051e-34
1.367550538767072579e-34
1.129303570238072005e-34
9.110351813205928690e-35
7.524723504845672837e-35
6.425723671094965799e-35
5.590278056122343264e-35
5.004354118193001633e-35
4.505109449119988960e-35
4.102574745461177134e-35
3.815397928503143633e-35
3.622060043738905045e-35
3.495031397554212403e-35
3.422364530731977399e-35
3.403073380017072678e-35
3.423030746104179962e-35
3.478750550584418609e-35
3.563010953371257067e-35
3.675757691927298789e-35
3.812117159789991541e-35
3.971130174456618141e-35
4.151490975329876796e-35
4.355982445611956581e-35
4.582076007648114652e-35
4.825455930911039103e-35
5.085210241391210141e-35
5.362427037938013738e-35
5.652359422785466890e-35
5.956106289607993729e-35
6.273705621258437095e-35
6.598359188734370411e-35
6.929798045260676197e-35
7.261602219129935456e-35
7.594458542580590225e-35
7.922038180164084473e-35
8.247649988850584752e-35
8.561550804158601529e-35
8.862118300295062468e-35
9.145811327427317888e-35
9.407715093964884657e-35
9.647683323347136924e-35
9.863073490103360435e-35
1.004706706312546919e-34
1.019728482055151810e-34
1.031174801379392416e-34
1.038892719555339646e-34
1.042778060084890199e-34
