3.822217169893932222e-34
3.762617910408572983e-34
3.643905365362439177e-34
3.467853009069006311e-34
3.238778092658090538e-34
2.908673815076429912e-34
2.633237208338202411e-34
2.385199510318366151e-34
2.126963986004743890e-34
1.822468225956869221e-34
1.522708356452078327e-34
1.334927101153029902e-34
1.124008000107758542e-34
9.378132515450501739e-35
7.848113248727889672e-35
6.598090292347529316e-35
5.446253825965657704e-35
4.665792985439352042e-35
3.948654851946812466e-35
3.404192849258429895e-35
2.969502888884616494e-35
2.615274496009055086e-35
2.349911083020267472e-35
2.139204564140104142e-35
1.987696444947658594e-35
1.875064871730313938e-35
1.799846658327367876e-35
1.752678925808374213e-35
1.731217077248334382e-35
1.731805164773444145e-35
1.751861662282993320e-35
1.789130086471163350e-35
1.840043926429966354e-35
1.905023167236104180e-35
1.983184356537691144e-35
2.076356960748058677e-35
2.180670458804021960e-35
2.296499155872980115e-35
2.424514408348684111e-35
2.564517750476962966e-35
2.716302108084661770e-35
2.878537270728623437e-35
3.051083456888280917e-35
3.236203858222785842e-35
3.428964395452614399e-35
3.628677528508034172e-35
3.835141798584954783e-35
4.045418625558496455e-35
4.260963023566627081e-35
4.476744772260760067e-35
4.692578394826014649e-35
4.904869914240055548e-35
5.117588421151082968e-35
5.322689541832507240e-35
5.519531265256890880e-35
5.705760418192737869e-35
5.877786529308169985e-35
6.033827555122675671e-35
6.172149963593718337e-35
6.290367720788850946e-35
6.386923118920018828e-35
6.460519730392027423e-35
6.510154952447500092e-35
6.535145609515659875e-35
