3.222191516530358699e-34
3.309750191038747022e-34
3.496544479961802621e-34
3.807058573385113207e-34
4.280203839454548664e-34
4.809754662223081483e-34
5.533073555653435141e-34
6.520777269117966970e-34
7.745472278065279800e-34
8.768059752044541118e-34
9.568416006516604894e-34
1.096309468931480401e-33
1.154907797207723818e-33
1.156523148194759337e-33
1.027853606978718350e-33
8.510303019275175055e-34
6.550989155012897239e-34
5.410624526857602182e-34
4.292975677695747474e-34
3.386509249934007143e-34
2.536825439252071419e-34
1.955016945382651109e-34
1.580204281690809383e-34
1.306827753020647580e-34
1.125483666640444324e-34
9.636441394353544040e-35
8.281498188486781409e-35
7.322194068408622096e-35
6.665568192005111168e-35
6.186983607730783503e-35
5.842559761319923251e-35
5.641217963429149165e-35
5.546299473511321968e-35
5.536862727321222693e-35
5.589587696833258658e-35
5.704466780444509764e-35
5.867572099521603303e-35
6.071769286741927508e-35
6.311256846874184431e-35
6.588570960760145101e-35
6.899202276993789656e-35
7.237634203990861726e-35
7.603843926493862511e-35
7.999756166515831511e-35
8.415151814911693515e-35
8.849455899599383347e-35
9.300578566870220412e-35
9.759778720809939120e-35
1.023868727907703782e-34
1.071802700824596850e-34
1.120369876740972452e-34
1.168044132852606052e-34
1.215106032850476970e-34
1.260376463047895307e-34
1.303828568290588158e-34
1.344945987541404998e-34
1.382860027409150205e-34
1.417342645445910469e-34
1.448093963071153265e-34
1.474346709192076967e-34
1.495769450014758108e-34
1.512086786180205204e-34
1.523085998791492988e-34
1.528622268151648070e-34
