6.783557196001392592e-32
6.373232582302547732e-32
5.615624534223461191e-32
4.631360460373124925e-32
3.576577326246164256e-32
2.593543594687250874e-32
1.917203715133226974e-32
1.432295840920164174e-32
1.075631681836443224e-32
8.358949389016850793e-33
7.084104588176142507e-33
7.354317740105770951e-33
8.344760861922258852e-33
1.058880196635643216e-32
1.377629340021930356e-32
1.826649182595180121e-32
2.363734568024020170e-32
2.975186411989247285e-32
3.527133041262269201e-32
3.952422395936667360e-32
4.236787886327766135e-32
4.504760166880456334e-32
4.645901321674425805e-32
3.929949787390808203e-32
2.635446833382107086e-32
1.572520474298227547e-32
9.983708665789161663e-33
6.806488786016647478e-33
5.204465116532319905e-33
4.409210568536326830e-33
4.147132838076293336e-33
4.204427730342162863e-33
4.447180935278442559e-33
4.781190445584285123e-33
5.026940410564342562e-33
5.093745935544914210e-33
4.872042011916549828e-33
4.525934036109324057e-33
4.069854513420011492e-33
3.646957778433274535e-33
3.255785863655829047e-33
2.952161745501318630e-33
2.699355400749899003e-33
2.516748032367262912e-33
2.373532189074387792e-33
2.279163187440840513e-33
2.211918142722479778e-33
2.167316540781702957e-33
2.141537923309084430e-33
2.127306053374927023e-33
2.130501654923879695e-33
2.138712805256778301e-33
2.156347657004754534e-33
2.177152834471534549e-33
2.200223913802775635e-33
2.224654574708554917e-33
2.248266085450615675e-33
2.278323034944793742e-33
2.307407086244752021e-33
2.332085866839010240e-33
2.352123598160743242e-33
2.367326353021901748e-33
2.377545519226819552e-33
2.382680487504523797e-33
