6.249397458583163355e-32
6.040174115774467626e-32
5.640375256691274556e-32
5.056768509984667874e-32
4.322687121402602587e-32
3.491803825415117153e-32
2.652979356983787894e-32
1.893188281156681642e-32
1.362979194036068676e-32
9.388690588506763942e-33
6.229050359968374814e-33
4.357469039051771366e-33
3.038572158058814823e-33
2.222981929005653787e-33
1.793801459375930800e-33
1.556464287938571721e-33
1.555376808624580949e-33
1.689906473474488839e-33
1.925921164517599214e-33
2.229882354398855129e-33
2.453788819043870232e-33
2.494496087578513581e-33
2.271958018813765764e-33
1.857956730645041485e-33
1.435439851103192103e-33
1.082533965431644844e-33
8.199472456370800245e-34
6.371107214337114034e-34
5.053714836701752194e-34
4.114511351517009068e-34
3.451339829243784113e-34
2.972302276950223921e-34
2.621550686060578188e-34
2.369309242886274754e-34
2.194487623266519572e-34
2.077449928839570473e-34
2.003758210862625302e-34
1.961763435835460001e-34
1.946907984521403476e-34
1.955915985763168319e-34
1.983701996499263309e-34
2.024939785136238965e-34
2.077445834022612857e-34
2.141653955952113967e-34
2.214147348729136032e-34
2.295193120822597579e-34
2.382771164235140756e-34
2.473948913839148054e-34
2.571516350791197564e-34
2.670261206761402108e-34
2.772459179837335117e-34
2.873105576726453988e-34
2.974394573035251435e-34
3.071901030189201635e-34
3.166066041686837507e-34
3.255639975662160245e-34
3.338194552449680941e-34
3.413592421660551606e-34
3.481763567766125619e-34
3.539946373026571174e-34
3.587411072895362301e-34
3.623554694520545414e-34
3.647913419506854821e-34
3.660172367478621858e-34
