1.552360673929858433e-31
1.560973676432245430e-31
1.579289733262918062e-31
1.609475753938757727e-31
1.654938008049939956e-31
1.707420450910631276e-31
1.774184925485197244e-31
1.857077320821958091e-31
1.947843089902426594e-31
2.010208551621751570e-31
2.032919290791330311e-31
2.028224526194843712e-31
1.972199473022606432e-31
1.896912761210581410e-31
1.768269900301605430e-31
1.533944864239746895e-31
1.221092439240902519e-31
9.069731872432414426e-32
6.923029340337490562e-32
5.645760605302687417e-32
4.984541637504148363e-32
4.746063310261919194e-32
4.799798009550377008e-32
5.056043434133501469e-32
5.369232708682652832e-32
5.623605168670169227e-32
5.591217695454882715e-32
5.273171113539160744e-32
4.869619639349354934e-32
4.291304625821779751e-32
3.399001421082195415e-32
2.397424441134313458e-32
1.606334638179812029e-32
1.120557578713273947e-32
8.643814809391983223e-33
7.339621909631189617e-33
6.739653904168146242e-33
6.538733627111610250e-33
6.533322229991246057e-33
6.538643714778481438e-33
6.495017209158853547e-33
6.392189216836755370e-33
6.201232676696176708e-33
5.944196991342134138e-33
5.686590118326433825e-33
5.422940199852243657e-33
5.193679480123424113e-33
5.001178268479374626e-33
4.853970705984189690e-33
4.739689539608131072e-33
4.660369094595871648e-33
4.601590287245571074e-33
4.568807207408752538e-33
4.547637283229745402e-33
4.542663365916897318e-33
4.548141573511958838e-33
4.557356191730896800e-33
4.572571818869088028e-33
4.593264584223098167e-33
4.612106675199911146e-33
4.628206534970656999e-33
4.640871066603558803e-33
4.649591745869738306e-33
4.654034770732928924e-33
