2.453087881511514516e-37
2.454651778949827504e-37
2.457837014924003546e-37
2.462755794648014386e-37
2.469569933528971203e-37
2.480132708641267667e-37
2.494111893469666594e-37
2.511364697127503294e-37
2.532246312887603321e-37
2.561934601882641963e-37
2.598759105691935811e-37
2.641064206898856912e-37
2.694144764588688686e-37
2.754359981212057701e-37
2.827657058520816196e-37
2.910778151336896908e-37
3.008994738913119356e-37
3.119518845724039280e-37
3.249244666990336066e-37
3.394671142752011767e-37
3.559663676752165427e-37
3.746880637923904458e-37
3.955396976177180436e-37
4.188338008421166631e-37
4.448024329238696676e-37
4.736808875838316822e-37
5.058247040266527213e-37
5.414644169066337760e-37
5.805804438670131818e-37
6.234845668596180660e-37
6.705066959465183191e-37
7.219434630323202631e-37
7.782148923036328963e-37
8.398233641123997490e-37
9.070526965000343062e-37
9.796655400819948539e-37
1.057840918338595908e-36
1.141529356782771662e-36
1.230816209098650066e-36
1.325936931832514091e-36
1.427746197573549148e-36
1.535521825598961062e-36
1.648887275082920878e-36
1.767322094598662321e-36
1.890301857525765345e-36
2.017287814537367555e-36
2.147627122235312937e-36
2.280487320357691788e-36
2.414997151791750771e-36
2.550092881294929578e-36
2.684710515559874115e-36
2.817580098071687502e-36
2.947432533049168888e-36
3.072917942835037329e-36
3.192701598559866719e-36
3.305407518911241053e-36
3.409655130642524788e-36
3.504143013014347486e-36
3.587651013307360318e-36
3.659078740260799730e-36
3.717456455622827651e-36
3.761976120920455069e-36
3.792012260806193955e-36
3.807138397973802797e-36
