4.985682625715651680e-36
4.936868159077175030e-36
4.841378829889084809e-36
4.703325646269460171e-36
4.528473870461155844e-36
4.314803905801997625e-36
4.100877110874732423e-36
3.883890396015215133e-36
3.659299846867524499e-36
3.423531261772565660e-36
3.191479856711640621e-36
2.996035191666777578e-36
2.812670127919101041e-36
2.644820534592174794e-36
2.509228428710150517e-36
2.395123206366048975e-36
2.302469124774338602e-36
2.235800855980860116e-36
2.187475639072601824e-36
2.159966798601086110e-36
2.153748894546740961e-36
2.168032497624438748e-36
2.199374119666271325e-36
2.247516670559842587e-36
2.313382558219095180e-36
2.395540274924959887e-36
2.494766952211991526e-36
2.613504741660358494e-36
2.749142145465941471e-36
2.902364538498176152e-36
3.074949516191683148e-36
3.268769831399525247e-36
3.482984622642989991e-36
3.719207092639499028e-36
3.978632915301120988e-36
4.262472399223051249e-36
4.568964318196487279e-36
4.898518406671366282e-36
5.251610516537669755e-36
5.629477134518914689e-36
6.029975054899982866e-36
6.455860534458105041e-36
6.910426202686085458e-36
7.386513983028910077e-36
7.880850493749052500e-36
8.391900817904608639e-36
8.916758302412637561e-36
9.451284740580940824e-36
9.992482781357544615e-36
1.053640725223906529e-35
1.108578961282075597e-35
1.162776563686440291e-35
1.216113261971003758e-35
1.267646312456081277e-35
1.316849945526906642e-35
1.363158302022087088e-35
1.405986162449741087e-35
1.444816518244384252e-35
1.479165404686880530e-35
1.508543873232208922e-35
1.532553816495813702e-35
1.550863534763518139e-35
1.563216285357477650e-35
1.569437016748072687e-35
