6.995805803654483518e-32
6.832477207301849470e-32
6.525812778576598138e-32
6.118006204573331650e-32
5.676551073189169671e-32
5.242156087302006117e-32
4.994398353068848058e-32
4.985509818262732095e-32
5.259713660733794854e-32
5.753952230042934407e-32
6.531609676018648002e-32
7.631655974631071294e-32
8.856766055136619369e-32
1.044113506160893745e-31
1.205884186665878941e-31
1.382454351921280250e-31
1.553935492922357890e-31
1.729627143791640961e-31
1.889076123119688355e-31
2.040131754247530308e-31
2.159938599306415977e-31
2.219942357464137001e-31
2.190344474221552324e-31
1.918550212482898927e-31
1.376435561212482786e-31
1.061599085079175949e-31
9.058273131861386609e-32
7.988052039463992382e-32
7.368710100667567794e-32
7.081948445118935568e-32
6.995019926084183985e-32
6.912774160063773133e-32
6.670494241138949056e-32
6.021853813195697297e-32
4.772007761863986408e-32
3.575487631776164961e-32
2.627663583852441249e-32
2.009340719120255144e-32
1.584377404324326250e-32
1.324036994731280958e-32
1.157085043016045820e-32
1.061472251102988080e-32
1.006025483903066495e-32
9.768198083612514454e-33
9.647432017084231697e-33
9.631834348711159128e-33
9.675145056586023014e-33
9.766490618639707862e-33
9.857540221713640937e-33
9.954706691534256903e-33
1.002973503353257989e-32
1.009978934091983247e-32
1.016456664515882115e-32
1.022065109421926205e-32
1.027651854494881967e-32
1.033255215889236554e-32
1.037980843615340206e-32
1.045795205905285561e-32
1.054079983014657313e-32
1.061085146665594483e-32
1.066756644442366036e-32
1.071050106372683039e-32
1.073931581263244049e-32
1.075378108440525986e-32
