5.386674612100506683e-35
5.312308768575243666e-35
5.167111942985328241e-35
4.957864635951618848e-35
4.694046997051515850e-35
4.344798862785950006e-35
3.951951853897289570e-35
3.596745401363606342e-35
3.246108446823052095e-35
2.893648905976133138e-35
2.577445115190005866e-35
2.279733560149005828e-35
1.993725037605239442e-35
1.780435176713683817e-35
1.612294318923668638e-35
1.455073134349026920e-35
1.304512002604199818e-35
1.170390517723142115e-35
1.051701216955885278e-35
9.523475845707240594e-36
8.713605608089484478e-36
8.084327992771047287e-36
7.706190178386648867e-36
7.468860412717402628e-36
7.320435713101058237e-36
7.267184904379767369e-36
7.302533619196884452e-36
7.418659185511518774e-36
7.596652732402157886e-36
7.831511568824590268e-36
8.123647743564858157e-36
8.484352643403699589e-36
8.899917240304747832e-36
9.373565550607009831e-36
9.907629550904494471e-36
1.050428735423729942e-35
1.115957790960723711e-35
1.187204275462038514e-35
1.264296699633574687e-35
1.348068774723067287e-35
1.437697844042498257e-35
1.532427927710747335e-35
1.632005112472305532e-35
1.737327311706510699e-35
1.846856368786710995e-35
1.960097830253804803e-35
2.077344980904184181e-35
2.196943460218271678e-35
2.320319139387070548e-35
2.444032108623713360e-35
2.567777577401201407e-35
2.689687797614701130e-35
2.809390341201646568e-35
2.924902634411156493e-35
3.035174625931892633e-35
3.138949990381855052e-35
3.234841729087965474e-35
3.321862898850894405e-35
3.399104000962304647e-35
3.465137828321995834e-35
3.519084583279795544e-35
3.560211724727498706e-35
3.587952547862326501e-35
3.601920807752540760e-35
