4.881218840574531879e-31
4.887527053899631202e-31
4.899383654652590917e-31
4.915163564456805732e-31
4.932147809895498692e-31
4.921902433285918107e-31
4.889652283992496486e-31
4.834300402920717501e-31
4.770218073249964426e-31
4.646201833284598267e-31
4.441470348178532995e-31
4.099022946932417774e-31
3.560723048786593697e-31
2.699603991753450414e-31
1.754248151640392263e-31
1.151850649073574988e-31
8.835106732697456020e-32
8.804724886511323724e-32
9.852562773057559720e-32
1.157073586372016204e-31
1.348618371552543670e-31
1.533639857954580406e-31
1.710773229166137695e-31
1.856135618304036007e-31
1.952470601027020718e-31
1.995532246128459175e-31
1.963042851945183686e-31
1.854396265252614003e-31
1.696089783580798590e-31
1.435182752256515029e-31
1.121646045977825894e-31
8.779461509206562022e-32
7.386465286375988562e-32
6.671288121321945870e-32
6.243414129876526744e-32
5.858248872003445284e-32
5.263217715245728663e-32
4.435673675279908726e-32
3.576342740306925124e-32
2.813427260119670950e-32
2.264792411438370481e-32
1.868808686494471954e-32
1.608961925303774534e-32
1.439699937290074681e-32
1.335599778554749396e-32
1.273513841654659846e-32
1.238074835137988849e-32
1.222417960134574745e-32
1.220881588303404083e-32
1.229401506018204107e-32
1.243817929112459706e-32
1.262299398127878146e-32
1.280678502171324866e-32
1.299853900960160574e-32
1.319046984438341689e-32
1.337650827577893597e-32
1.354650049266651314e-32
1.370202789482936103e-32
1.384668572889937809e-32
1.396902399602997174e-32
1.406773037115450249e-32
1.414208919671240123e-32
1.419176159290153479e-32
1.421661636954241205e-32
