3.059389096169387216e-34
3.022216695167543405e-34
2.953638721447084549e-34
2.865945866034850291e-34
2.780033493257398883e-34
2.704811738051613299e-34
2.750068908068227277e-34
2.939256046546638060e-34
3.334649132094213143e-34
3.935790810104949842e-34
4.880215909707874186e-34
6.568097094442380364e-34
8.495282299938500716e-34
1.095167125295664997e-33
1.311925738729191683e-33
1.504276786738604537e-33
1.502757881297953710e-33
1.468311610387626889e-33
1.231501902121336404e-33
9.948123276968462251e-34
7.754378142822860994e-34
5.879541287091630627e-34
4.600070718342599041e-34
3.580643079735342613e-34
2.867296815381091832e-34
2.320690025301433787e-34
1.936876817175688226e-34
1.638028635933552529e-34
1.419585144143641666e-34
1.255789232911505621e-34
1.135134261336480467e-34
1.050394277130075133e-34
9.914831125442953197e-35
9.541093985680519311e-35
9.314696906178113974e-35
9.238877653456054587e-35
9.280520604345247151e-35
9.416348175555854747e-35
9.622313348709747927e-35
9.892921759550892788e-35
1.023119328113007498e-34
1.062751805641199703e-34
1.107075782606721829e-34
1.155364609376564098e-34
1.207187811367607687e-34
1.262275143909829895e-34
1.320846968314637232e-34
1.381174686522375977e-34
1.444032499973418902e-34
1.507200319791560780e-34
1.571571050524761397e-34
1.634829534797317686e-34
1.698722352098764920e-34
1.760219039579946521e-34
1.819158043425448226e-34
1.874837167081146698e-34
1.926169219554248255e-34
1.972924712562248711e-34
2.014670388541041668e-34
2.050294239440782886e-34
2.079353959059856980e-34
2.101482281492324976e-34
2.116395685260914622e-34
2.123901223024535355e-34
