3.168487281682349229e-32
3.037084193489470842e-32
2.785937540568869810e-32
2.439027730839483559e-32
2.031985717494561791e-32
1.605711527165727403e-32
1.259236365704019675e-32
9.671210554262963309e-33
7.152088035464420898e-33
5.102997361309032377e-33
3.524936930373311709e-33
2.628412978708331392e-33
1.930836766149064518e-33
1.400300771753832383e-33
1.099053416690973585e-33
9.106704911197230681e-34
7.922107904898279889e-34
8.409847132041183299e-34
9.690607704705974702e-34
1.238570717361781227e-33
1.605295587014002096e-33
1.937684025888314623e-33
2.147052870158997598e-33
1.999157981589582913e-33
1.665652321745139302e-33
1.281399231563191711e-33
1.005713789181256574e-33
7.868906801578256307e-34
6.391874465739686740e-34
5.325682811186215604e-34
4.557371386269918361e-34
3.993136081573742102e-34
3.562548357945550647e-34
3.253834877487078069e-34
3.014183326307969740e-34
2.853438375053171538e-34
2.740901733215245703e-34
2.674526216223225633e-34
2.637838735509439487e-34
2.630920128104326819e-34
2.650144406521093744e-34
2.689884092755912787e-34
2.745654929380524975e-34
2.816218533980549909e-34
2.896628009028055720e-34
2.987344212156323577e-34
3.088872165463597467e-34
3.195452899463576044e-34
3.309626708180336434e-34
3.425473083067447984e-34
3.546524178229268330e-34
3.666147252364329665e-34
3.788179732897927227e-34
3.905872715297696119e-34
4.019780093122566264e-34
4.128343085614594132e-34
4.228475184102571910e-34
4.321101663315666782e-34
4.404649341900682338e-34
4.475859577349723320e-34
4.533890807010925401e-34
4.578045879311409050e-34
4.607787577561318116e-34
4.622750772166462876e-34
