3.371859897192565184e-31
3.359982948238562881e-31
3.336383616668588572e-31
3.301367309426780808e-31
3.255382972264836372e-31
3.197420181202332086e-31
3.128970799908871229e-31
3.051382109419968166e-31
2.965600767506623745e-31
2.871519543558276537e-31
2.770870813433172201e-31
2.665132292100175559e-31
2.549900541397338544e-31
2.431957698544008528e-31
2.314486029278077188e-31
2.196946158635184905e-31
2.078385361649223947e-31
1.960918232470125680e-31
1.837112603161421870e-31
1.718687017794608854e-31
1.607460398603935620e-31
1.501477577172050617e-31
1.399364154328805256e-31
1.299880053133062551e-31
1.204837356207319611e-31
1.115115564762997283e-31
1.030949973577847484e-31
9.524003480569155090e-32
8.799566022948348928e-32
8.141172692874902198e-32
7.546482888163807914e-32
6.985098968760971677e-32
6.449031904660577621e-32
5.961871028778596625e-32
5.527442771994060419e-32
5.138775566964949057e-32
4.784148996723788094e-32
4.463481417463555379e-32
4.175981784660801335e-32
3.918800311805128920e-32
3.686122838362132054e-32
3.475607654110032095e-32
3.286974570891697826e-32
3.118557452641855534e-32
2.966963215844786641e-32
2.827068181643191200e-32
2.704337864222389447e-32
2.594780739688605823e-32
2.497201714857521617e-32
2.410640078914662319e-32
2.330530441824731994e-32
2.260235889306044854e-32
2.200981635354745452e-32
2.147320821543884780e-32
2.099156670808649482e-32
2.056017964579100677e-32
2.019119920711563135e-32
1.954012375689121450e-32
1.895751636452367964e-32
1.848340984421365909e-32
1.811179503348015352e-32
1.783749090632237055e-32
1.765669618458906434e-32
1.756691648998874168e-32
