1.200013916986418773e-33
1.166273851175007838e-33
1.101800854590495667e-33
1.012177602776381617e-33
9.048061720567547659e-34
7.865869836749608592e-34
6.967928251191200826e-34
6.210113886681653400e-34
5.497770823570878998e-34
4.862444927981545965e-34
4.386045790531767395e-34
4.556622287029072201e-34
4.996784794562712542e-34
6.022230973157107861e-34
7.688574560066158681e-34
1.023468329992722302e-33
1.295610181192751076e-33
1.657230694435479122e-33
1.879905235537955043e-33
1.959592791759083761e-33
1.796742846364719158e-33
1.454577206495818080e-33
1.146838618982694478e-33
8.653838198158035786e-34
6.671206460490017956e-34
5.150312551149467373e-34
4.108282647771779255e-34
3.308481473459333662e-34
2.744958274838683295e-34
2.331535409349683047e-34
2.028430597330791868e-34
1.806971639541858412e-34
1.646022660577043489e-34
1.536389386073529476e-34
1.459309140785867905e-34
1.413261074500808940e-34
1.387729102397229185e-34
1.382491829120612486e-34
1.392255535361669735e-34
1.416123960062188686e-34
1.449248421987602967e-34
1.490749097332102123e-34
1.539995712960794600e-34
1.598486315587674758e-34
1.661617426746352796e-34
1.730128565022066220e-34
1.803539504972212924e-34
1.879522462784707418e-34
1.959742449249960970e-34
2.040418586295963492e-34
2.122803557556226489e-34
2.203777187158373807e-34
2.284806129392238056e-34
2.362762645640372670e-34
2.438412821113825380e-34
2.510734984470532168e-34
2.577415231914369148e-34
2.638354912679413602e-34
2.692823880040124081e-34
2.739291226028078024e-34
2.777186929245340877e-34
2.806037986370942201e-34
2.825479432760745249e-34
2.835262984427000221e-34
