3.098614859343983684e-32
3.143204012692421650e-32
3.232776503471308545e-32
3.367955229616716321e-32
3.549324249219993620e-32
3.775119989261574655e-32
4.049732701833288765e-32
4.375961259413774881e-32
4.752100905478921706e-32
5.155592437987566221e-32
5.606386134717294790e-32
6.089613957794544277e-32
6.535882525183374119e-32
6.828835701699114237e-32
6.716946917433038677e-32
5.803856233941129028e-32
4.034885677035767121e-32
2.587631147449001251e-32
1.489336057843685297e-32
8.394717007475625321e-33
5.529814406165311244e-33
3.698416680643426558e-33
2.762060796719115835e-33
2.394925433924227746e-33
2.276003812089904417e-33
2.501105392057928928e-33
2.883084693200645291e-33
3.271133093055172208e-33
3.548994243454215473e-33
3.495572090007171162e-33
3.288583819434408897e-33
2.788186245614409144e-33
2.347241460410703564e-33
1.923318455832504353e-33
1.596927721263063804e-33
1.342562455704301524e-33
1.150698481396626390e-33
1.019027882041061101e-33
9.163744556215806815e-34
8.510325414148765326e-34
8.031803895409673874e-34
7.707789052183786647e-34
7.506457711683010409e-34
7.388808181613007876e-34
7.358455561307709012e-34
7.391535821856838075e-34
7.476902303251053395e-34
7.681253150469022305e-34
7.894707090588057539e-34
8.107326376828057253e-34
8.332766510910927050e-34
8.551589631943379435e-34
8.781191060823145183e-34
9.000032749025419257e-34
9.208909586384731120e-34
9.406092165169055609e-34
9.587217929273105638e-34
9.752036585652414931e-34
9.900625607542545020e-34
1.002739116506216544e-33
1.013076722963102097e-33
1.020946302009073726e-33
1.026248769120118021e-33
1.028916961598174470e-33
