3.190577289821329283e-31
3.167767185148717308e-31
3.120171454669766778e-31
3.043934259143918558e-31
2.933898347413747190e-31
2.769633697093773510e-31
2.629608724824186727e-31
2.506412746642290615e-31
2.392997916609244007e-31
2.306755562829643723e-31
2.300457969037590387e-31
2.380334758385054920e-31
2.467153980432310900e-31
2.539021211575741254e-31
2.528599887371749415e-31
2.428075086504307096e-31
2.216049172426696462e-31
1.978286429902733833e-31
1.737323657394178815e-31
1.602893750421624920e-31
1.600249247512041462e-31
1.704227203501768890e-31
1.877157149479689691e-31
2.097313276595726643e-31
2.341047575387657349e-31
2.626417485410707008e-31
2.928585326263672635e-31
3.240370517217020688e-31
3.548739880655900119e-31
3.849429988362332723e-31
4.110274447561932817e-31
4.245247149811627320e-31
4.186247448357384346e-31
3.977477620807922015e-31
3.531238360301765520e-31
2.807448762167728596e-31
2.343674459430077314e-31
2.145288798981341022e-31
1.998422525858099791e-31
1.849909396131759121e-31
1.679371404893112782e-31
1.506088580397184142e-31
1.332631633612570482e-31
1.183221679873692494e-31
1.053053002560974462e-31
9.521423564386457651e-32
8.670288238784210079e-32
7.974509707751331014e-32
7.333916585187370543e-32
6.764347351732171971e-32
6.321801639150532809e-32
5.962926872255398026e-32
5.690387772443792398e-32
5.500880849924643413e-32
5.354288772871019248e-32
5.242917176721789061e-32
5.156685984836113296e-32
5.168441143982369787e-32
5.191503795381363260e-32
5.211072938765842215e-32
5.226961294138488368e-32
5.239015291620525056e-32
5.247117523779147912e-32
5.251188640727109329e-32
