2.768743595727918315e-31
2.797173987892449774e-31
2.855652254793903933e-31
2.947263762105186873e-31
3.076213916227876629e-31
3.214092472010796155e-31
3.372839813071940078e-31
3.566733410527409916e-31
3.797550990082125741e-31
4.006681055093289770e-31
4.214607657359826951e-31
4.437254424271534499e-31
4.599964615109712700e-31
4.776706696798046361e-31
4.852443499994856404e-31
4.890971671991603907e-31
4.927601086377473240e-31
4.988602156598084213e-31
5.027204009860548547e-31
5.067120896993405111e-31
4.890291295225944943e-31
4.097645116108765052e-31
3.302707701888717339e-31
2.932587819194572064e-31
2.770797224095754710e-31
2.525741780413552691e-31
1.910457546802393423e-31
1.611522754926668739e-31
1.639328753892605466e-31
1.661257417870641518e-31
1.657302572233683719e-31
1.637166389448834907e-31
1.588928106830872618e-31
1.497548201232257265e-31
1.223648490135018209e-31
9.002860199211328894e-32
7.555128932004446458e-32
6.885907595683180122e-32
6.510773933028319356e-32
6.255688258183962130e-32
6.064018651358691111e-32
5.789579171798577299e-32
5.314075893987764845e-32
4.551748093682155536e-32
3.769079958596361150e-32
3.226961434545232086e-32
2.850205847718971092e-32
2.593812248591463163e-32
2.426767499476490530e-32
2.304521304185878771e-32
2.218541008038050324e-32
2.165900282048051429e-32
2.133886226652636736e-32
2.115995818490296777e-32
2.110125455529771760e-32
2.113979596319366957e-32
2.121983968326825016e-32
2.132581968943031709e-32
2.144585034908704214e-32
2.156403956185922519e-32
2.167021633658894504e-32
2.175650497155601682e-32
2.181715425934813372e-32
2.184840652276413326e-32
