       rho     Ti (keV)  nc(e19 m**3)  Vpol (km/s)  Vtor (km/s) Er (kV/m)    Er_RBpol (krad/s)
     0.00000     1.89363 9.39342e-08 -0.00254402     120.914  -0.0101681     136.039
   0.0100000     1.89265  -0.0179974    0.460081     119.667     1.84635     135.613
   0.0200000     1.88978  -0.0357016    0.846997     120.483     3.41407     134.972
   0.0300000     1.88506  -0.0531213     1.30139     121.208     5.27886     133.900
   0.0400000     1.87858  -0.0702653     1.70525     121.575     6.96220     132.432
   0.0500000     1.87039  -0.0871415     2.08725     121.661     8.58686     130.605
   0.0600000     1.86057   -0.103758     2.43916     121.491     10.1218     128.454
   0.0700000     1.84919   -0.120121     2.76322     121.117     11.5776     126.013
   0.0800000     1.83631   -0.136239     3.05315     120.551     12.9303     123.320
   0.0900000     1.82201   -0.152116     3.30828     119.823     14.1800     120.409
    0.100000     1.80634   -0.167761     3.52536     118.952     15.3183     117.316
    0.110000     1.78938   -0.183177     3.70153     117.968     16.3386     114.078
    0.120000     1.77119   -0.198371     3.83965     116.911     17.2518     110.729
    0.130000     1.75185   -0.213346     3.93994     115.813     18.0619     107.304
    0.140000     1.73141   -0.228109     4.00279     114.704     18.7739     103.839
    0.150000     1.70996   -0.242662     4.02897     113.619     19.3948     100.368
    0.160000     1.68755   -0.257011     4.01881     112.594     19.9314     96.9277
    0.170000     1.66425   -0.271158     3.97128     111.676     20.3891     93.5529
    0.180000     1.64014   -0.285107     3.89140     110.894     20.7869     90.2784
    0.190000     1.61528   -0.298860     3.78116     110.253     21.1338     87.1227
    0.200000     1.58974   -0.312422     3.64266     109.733     21.4348     84.0846
    0.210000     1.56358   -0.325793     3.47819     109.306     21.6933     81.1609
    0.220000     1.53687   -0.338977     3.29028     108.945     21.9121     78.3481
    0.230000     1.50969   -0.351974     3.08177     108.625     22.0943     75.6436
    0.240000     1.48210   -0.364787     2.85471     108.318     22.2408     73.0468
    0.250000     1.45416   -0.377418     2.61421     107.994     22.3576     70.5560
    0.260000     1.42595   -0.389866     2.36428     107.628     22.4465     68.1665
    0.270000     1.39753   -0.402132     2.10870     107.198     22.5090     65.8748
    0.280000     1.36898   -0.414219     1.85025     106.694     22.5467     63.6795
    0.290000     1.34035   -0.426125     1.59092     106.116     22.5619     61.5782
    0.300000     1.31172   -0.437850     1.33253     105.467     22.5558     59.5670
    0.310000     1.28315   -0.449394     1.07685     104.748     22.5293     57.6432
    0.320000     1.25472   -0.460758    0.825867     103.958     22.4829     55.8053
    0.330000     1.22649   -0.471939    0.581793     103.096     22.4176     54.0503
    0.340000     1.19853   -0.482937    0.346093     102.167     22.3365     52.3756
    0.350000     1.17090   -0.493751    0.120457     101.172     22.2405     50.7791
    0.360000     1.14368   -0.504379  -0.0934576     100.113     22.1301     49.2579
    0.370000     1.11693   -0.514818   -0.294032     98.9894     22.0062     47.8095
    0.380000     1.09072   -0.525068   -0.479731     97.8025     21.8709     46.4317
    0.390000     1.06512   -0.535125   -0.649147     96.5527     21.7270     45.1226
    0.400000     1.04019   -0.544987   -0.800987     95.2405     21.5768     43.8798
    0.410000     1.01601   -0.554651   -0.934089     93.8662     21.4223     42.7005
    0.420000    0.992641   -0.564113    -1.04693     92.4304     21.2652     41.5825
    0.430000    0.970147   -0.573371    -1.13982     90.9420     21.1061     40.5228
    0.440000    0.948535   -0.582420    -1.21399     89.4120     20.9434     39.5144
    0.450000    0.927760   -0.591255    -1.27009     87.8489     20.7772     38.5545
    0.460000    0.907775   -0.599874    -1.30893     86.2608     20.6079     37.6412
    0.470000    0.888532   -0.608270    -1.33150     84.6559     20.4359     36.7722
    0.480000    0.869987   -0.616440    -1.33889     83.0419     20.2614     35.9451
    0.490000    0.852090   -0.624377    -1.33234     81.4266     20.0844     35.1579
    0.500000    0.834797   -0.632077    -1.31318     79.8172     19.9046     34.4085
    0.510000    0.818059   -0.639532    -1.28294     78.2211     19.7221     33.6944
    0.520000    0.801831   -0.646737    -1.24322     76.6452     19.5370     33.0135
    0.530000    0.786066   -0.653685    -1.19573     75.0964     19.3493     32.3634
    0.540000    0.770716   -0.660370    -1.14228     73.5814     19.1588     31.7419
    0.550000    0.755736   -0.666784    -1.08473     72.1066     18.9652     31.1468
    0.560000    0.741078   -0.672919    -1.02502     70.6803     18.7681     30.5755
    0.570000    0.726695   -0.678768   -0.965309     69.3070     18.5678     30.0259
    0.580000    0.712541   -0.684322   -0.907507     67.9916     18.3641     29.4956
    0.590000    0.698569   -0.689575   -0.852568     66.7339     18.1568     28.9822
    0.600000    0.684733   -0.696375   -0.800615     65.5286     17.9450     28.4827
    0.610000    0.670990   -0.706501   -0.751674     64.3702     17.7282     27.9950
    0.620000    0.657327   -0.720047   -0.705773     63.2533     17.5065     27.5180
    0.630000    0.643743   -0.737114   -0.662922     62.1721     17.2791     27.0494
    0.640000    0.630236   -0.757810   -0.623114     61.1211     17.0452     26.5866
    0.650000    0.616803   -0.782251   -0.586328     60.0945     16.8040     26.1274
    0.660000    0.603442   -0.810564   -0.552533     59.0866     16.5543     25.6693
    0.670000    0.590152   -0.842890   -0.521694     58.0916     16.2954     25.2098
    0.680000    0.576930   -0.879380   -0.493757     57.1038     16.0264     24.7466
    0.690000    0.563774   -0.920207   -0.468662     56.1174     15.7461     24.2771
    0.700000    0.550682   -0.965562   -0.446341     55.1267     15.4539     23.7991
    0.710000    0.537652    -1.01566   -0.426712     54.1292     15.1494     23.3116
    0.720000    0.524681    -1.07073   -0.409693     53.1243     14.8332     22.8148
    0.730000    0.511769    -1.13105   -0.395376     52.1115     14.5052     22.3090
    0.740000    0.498913    -1.19693   -0.383498     51.0911     14.1670     21.7945
    0.750000    0.486110    -1.26871   -0.373957     50.0630     13.8189     21.2713
    0.760000    0.473359    -1.34677   -0.366649     49.0271     13.4619     20.7397
    0.770000    0.460658    -1.43158   -0.361470     47.9833     13.0968     20.1999
    0.780000    0.448004    -1.52364   -0.358315     46.9317     12.7244     19.6522
    0.790000    0.435396    -1.62353   -0.357074     45.8723     12.3454     19.0966
    0.800000    0.422831    -1.73192   -0.357637     44.8051     11.9604     18.5332
    0.810000    0.410307    -1.84959   -0.359891     43.7302     11.5697     17.9621
    0.820000    0.397823    -1.97744   -0.363964     42.6464     11.1731     17.3835
    0.830000    0.385376    -2.11651   -0.369599     41.5542     10.7712     16.7976
    0.840000    0.372963    -2.26802   -0.376563     40.4544     10.3647     16.2043
    0.850000    0.360584    -2.43339   -0.384741     39.3473     9.95382     15.6035
    0.860000    0.348237    -2.61431   -0.394026     38.2330     9.53887     14.9950
    0.870000    0.335918    -2.81260   -0.404520     37.1103     9.11971     14.3790
    0.880000    0.323625    -3.02117   -0.416146     35.9791     8.69922     13.7573
    0.890000    0.311358    -3.23614   -0.428633     34.8414     8.27868     13.1308
    0.900000    0.299113    -3.45860   -0.441912     33.6974     7.85854     12.4991
    0.910000    0.286889    -3.68975   -0.456232     32.5450     7.43961     11.8625
    0.920000    0.274684    -3.93091   -0.471382     31.3852     7.02127     11.2208
    0.930000    0.262495    -4.18359   -0.487088     30.2202     6.60292     10.5724
    0.940000    0.250321    -4.44948   -0.503509     29.0478     6.18395     9.91840
    0.950000    0.238159    -4.73051   -0.520417     27.8682     5.76010     9.25803
    0.960000    0.226007    -5.02895   -0.537547     26.6850     5.33289     8.58189
    0.970000    0.213864    -5.34740   -0.555001     25.4926     4.89107     7.88623
    0.980000    0.201727    -5.68895   -0.572464     24.2949     4.44859     7.18410
    0.990000    0.189594    -6.05731   -0.589946     23.0867     4.00479     6.48222
     1.00000    0.177463    -6.45689   -0.607428     21.8786     3.56100     5.77402
