 9.94987E+00
 4.49212E-01
 1.00504E+00
 1.01500E+00
 5.07594E-03
 5.01255E-03
 1.00000E+00
 9.94987E-01
 1.00504E-02
 1.00000E+00
 1.01500E+00
-2.78493E-14
 9.92485E+00
 4.41399E-01
 1.00761E+00
 1.01247E+00
 5.08629E-03
 5.06046E-03
 1.00558E+00
 9.97470E-01
 1.01453E-02
 1.00690E+00
 1.02441E+00
 2.62741E-14
 9.94987E+00
 4.49212E-01
 1.00504E+00
 1.01500E+00
 5.07594E-03
 5.01255E-03
 1.00000E+00
 9.94987E-01
 1.00504E-02
 1.00000E+00
 1.01500E+00
-2.78493E-14
 9.92485E+00
 4.41399E-01
 1.00761E+00
 1.01247E+00
 5.08629E-03
 5.06046E-03
 1.00558E+00
 9.97470E-01
 1.01453E-02
 1.00690E+00
 1.02441E+00
 2.62741E-14
 9.94987E+00
 4.49212E-01
 1.00504E+00
 1.01500E+00
 5.07594E-03
 5.01255E-03
 1.00000E+00
 9.94987E-01
 1.00504E-02
 1.00000E+00
 1.01500E+00
-2.78493E-14
 9.92485E+00
 4.41399E-01
 1.00761E+00
 1.01247E+00
 5.08629E-03
 5.06046E-03
 1.00558E+00
 9.97470E-01
 1.01453E-02
 1.00690E+00
 1.02441E+00
 2.62741E-14
 9.94987E+00
 4.49212E-01
 1.00504E+00
 1.01500E+00
 5.07594E-03
 5.01255E-03
 1.00000E+00
 9.94987E-01
 1.00504E-02
 1.00000E+00
 1.01500E+00
-2.78493E-14
 9.92485E+00
 4.41399E-01
 1.00761E+00
 1.01247E+00
 5.08629E-03
 5.06046E-03
 1.00558E+00
 9.97470E-01
 1.01453E-02
 1.00690E+00
 1.02441E+00
 2.62741E-14
 1.98997E+01
 4.49212E-01
 9.97500E-01
 1.02267E+00
 1.26899E-03
 1.26261E-03
 1.00756E+00
 9.94987E-01
 2.51259E-03
 1.00000E+00
 1.02267E+00
-2.45047E-14
 1.98497E+01
 4.41393E-01
 1.00001E+00
 1.02025E+00
 1.27636E-03
 1.27951E-03
 1.01325E+00
 9.97470E-01
 2.53632E-03
 1.00690E+00
 1.03230E+00
 2.67598E-14
 1.98997E+01
 4.49212E-01
 9.97500E-01
 1.02267E+00
 1.26899E-03
 1.26261E-03
 1.00756E+00
 9.94987E-01
 2.51259E-03
 1.00000E+00
 1.02267E+00
-2.45047E-14
 1.98497E+01
 4.41393E-01
 1.00001E+00
 1.02025E+00
 1.27636E-03
 1.27951E-03
 1.01325E+00
 9.97470E-01
 2.53632E-03
 1.00690E+00
 1.03230E+00
 2.67598E-14
 1.98997E+01
 4.49212E-01
 9.97500E-01
 1.02267E+00
 1.26899E-03
 1.26261E-03
 1.00756E+00
 9.94987E-01
 2.51259E-03
 1.00000E+00
 1.02267E+00
-2.45047E-14
 1.98497E+01
 4.41393E-01
 1.00001E+00
 1.02025E+00
 1.27636E-03
 1.27951E-03
 1.01325E+00
 9.97470E-01
 2.53632E-03
 1.00690E+00
 1.03230E+00
 2.67598E-14
 1.98997E+01
 4.49212E-01
 9.97500E-01
 1.02267E+00
 1.26899E-03
 1.26261E-03
 1.00756E+00
 9.94987E-01
 2.51259E-03
 1.00000E+00
 1.02267E+00
-2.45047E-14
 1.98497E+01
 4.41393E-01
 1.00001E+00
 1.02025E+00
 1.27636E-03
 1.27951E-03
 1.01325E+00
 9.97470E-01
 2.53632E-03
 1.00690E+00
 1.03230E+00
 2.67598E-14
 2.98496E+01
 4.49212E-01
 9.96104E-01
 1.02410E+00
 5.63993E-04
 5.61946E-04
 1.00897E+00
 9.94987E-01
 1.11671E-03
 1.00000E+00
 1.02410E+00
-2.81164E-14
 2.97745E+01
 4.41392E-01
 9.98597E-01
 1.02171E+00
 5.67671E-04
 5.69876E-04
 1.01468E+00
 9.97470E-01
 1.12726E-03
 1.00690E+00
 1.03378E+00
 7.09849E-15
 2.98496E+01
 4.49212E-01
 9.96104E-01
 1.02410E+00
 5.63993E-04
 5.61946E-04
 1.00897E+00
 9.94987E-01
 1.11671E-03
 1.00000E+00
 1.02410E+00
-2.81164E-14
 2.97745E+01
 4.41392E-01
 9.98597E-01
 1.02171E+00
 5.67671E-04
 5.69876E-04
 1.01468E+00
 9.97470E-01
 1.12726E-03
 1.00690E+00
 1.03378E+00
 7.09849E-15
 2.98496E+01
 4.49212E-01
 9.96104E-01
 1.02410E+00
 5.63993E-04
 5.61946E-04
 1.00897E+00
 9.94987E-01
 1.11671E-03
 1.00000E+00
 1.02410E+00
-2.81164E-14
 2.97745E+01
 4.41392E-01
 9.98597E-01
 1.02171E+00
 5.67671E-04
 5.69876E-04
 1.01468E+00
 9.97470E-01
 1.12726E-03
 1.00690E+00
 1.03378E+00
 7.09849E-15
 2.98496E+01
 4.49212E-01
 9.96104E-01
 1.02410E+00
 5.63993E-04
 5.61946E-04
 1.00897E+00
 9.94987E-01
 1.11671E-03
 1.00000E+00
 1.02410E+00
-2.81164E-14
 2.97745E+01
 4.41392E-01
 9.98597E-01
 1.02171E+00
 5.67671E-04
 5.69876E-04
 1.01468E+00
 9.97470E-01
 1.12726E-03
 1.00690E+00
 1.03378E+00
 7.09849E-15
 3.97995E+01
 4.49212E-01
 9.95616E-01
 1.02461E+00
 3.17246E-04
 3.16250E-04
 1.00946E+00
 9.94987E-01
 6.28149E-04
 1.00000E+00
 1.02461E+00
-3.26406E-14
 3.96994E+01
 4.41392E-01
 9.98104E-01
 1.02222E+00
 3.19394E-04
 3.20793E-04
 1.01518E+00
 9.97470E-01
 6.34081E-04
 1.00690E+00
 1.03429E+00
 1.74027E-14
 3.97995E+01
 4.49212E-01
 9.95616E-01
 1.02461E+00
 3.17246E-04
 3.16250E-04
 1.00946E+00
 9.94987E-01
 6.28149E-04
 1.00000E+00
 1.02461E+00
-3.26406E-14
 3.96994E+01
 4.41392E-01
 9.98104E-01
 1.02222E+00
 3.19394E-04
 3.20793E-04
 1.01518E+00
 9.97470E-01
 6.34081E-04
 1.00690E+00
 1.03429E+00
 1.74027E-14
 3.97995E+01
 4.49212E-01
 9.95616E-01
 1.02461E+00
 3.17246E-04
 3.16250E-04
 1.00946E+00
 9.94987E-01
 6.28149E-04
 1.00000E+00
 1.02461E+00
-3.26406E-14
 3.96994E+01
 4.41392E-01
 9.98104E-01
 1.02222E+00
 3.19394E-04
 3.20793E-04
 1.01518E+00
 9.97470E-01
 6.34081E-04
 1.00690E+00
 1.03429E+00
 1.74027E-14
 3.97995E+01
 4.49212E-01
 9.95616E-01
 1.02461E+00
 3.17246E-04
 3.16250E-04
 1.00946E+00
 9.94987E-01
 6.28149E-04
 1.00000E+00
 1.02461E+00
-3.26406E-14
 3.96994E+01
 4.41392E-01
 9.98104E-01
 1.02222E+00
 3.19394E-04
 3.20793E-04
 1.01518E+00
 9.97470E-01
 6.34081E-04
 1.00690E+00
 1.03429E+00
 1.74027E-14
 4.89898E+00
 6.12930E-01
 1.02062E+00
 1.06000E+00
 2.12629E-02
 2.02041E-02
 1.00000E+00
 9.79796E-01
 4.08248E-02
 1.00000E+00
 1.06000E+00
 9.27383E-15
 4.86776E+00
 6.04073E-01
 1.02356E+00
 1.05743E+00
 2.12072E-02
 2.04952E-02
 1.01012E+00
 9.82137E-01
 4.14212E-02
 1.00943E+00
 1.07711E+00
 9.22526E-15
 4.89898E+00
 6.12930E-01
 1.02062E+00
 1.06000E+00
 2.12629E-02
 2.02041E-02
 1.00000E+00
 9.79796E-01
 4.08248E-02
 1.00000E+00
 1.06000E+00
 9.27383E-15
 4.86776E+00
 6.04073E-01
 1.02356E+00
 1.05743E+00
 2.12072E-02
 2.04952E-02
 1.01012E+00
 9.82137E-01
 4.14212E-02
 1.00943E+00
 1.07711E+00
 9.22526E-15
 4.89898E+00
 6.12930E-01
 1.02062E+00
 1.06000E+00
 2.12629E-02
 2.02041E-02
 1.00000E+00
 9.79796E-01
 4.08248E-02
 1.00000E+00
 1.06000E+00
 9.27383E-15
 4.86776E+00
 6.04073E-01
 1.02356E+00
 1.05743E+00
 2.12072E-02
 2.04952E-02
 1.01012E+00
 9.82137E-01
 4.14212E-02
 1.00943E+00
 1.07711E+00
 9.22526E-15
 4.89898E+00
 6.12930E-01
 1.02062E+00
 1.06000E+00
 2.12629E-02
 2.02041E-02
 1.00000E+00
 9.79796E-01
 4.08248E-02
 1.00000E+00
 1.06000E+00
 9.27383E-15
 4.86776E+00
 6.04073E-01
 1.02356E+00
 1.05743E+00
 2.12072E-02
 2.04952E-02
 1.01012E+00
 9.82137E-01
 4.14212E-02
 1.00943E+00
 1.07711E+00
 9.22526E-15
 9.79796E+00
 6.12930E-01
 9.90002E-01
 1.09278E+00
 5.31572E-03
 5.20723E-03
 1.03093E+00
 9.79796E-01
 1.02062E-02
 1.00000E+00
 1.09278E+00
 1.13624E-14
 9.73552E+00
 6.04043E-01
 9.92492E-01
 1.09116E+00
 5.33942E-03
 5.32351E-03
 1.04197E+00
 9.82137E-01
 1.03553E-02
 1.00943E+00
 1.11154E+00
 2.17881E-15
 9.79796E+00
 6.12930E-01
 9.90002E-01
 1.09278E+00
 5.31572E-03
 5.20723E-03
 1.03093E+00
 9.79796E-01
 1.02062E-02
 1.00000E+00
 1.09278E+00
 1.13624E-14
 9.73552E+00
 6.04043E-01
 9.92492E-01
 1.09116E+00
 5.33942E-03
 5.32351E-03
 1.04197E+00
 9.82137E-01
 1.03553E-02
 1.00943E+00
 1.11154E+00
 2.17881E-15
 9.79796E+00
 6.12930E-01
 9.90002E-01
 1.09278E+00
 5.31572E-03
 5.20723E-03
 1.03093E+00
 9.79796E-01
 1.02062E-02
 1.00000E+00
 1.09278E+00
 1.13624E-14
 9.73552E+00
 6.04043E-01
 9.92492E-01
 1.09116E+00
 5.33942E-03
 5.32351E-03
 1.04197E+00
 9.82137E-01
 1.03553E-02
 1.00943E+00
 1.11154E+00
 2.17881E-15
 9.79796E+00
 6.12930E-01
 9.90002E-01
 1.09278E+00
 5.31572E-03
 5.20723E-03
 1.03093E+00
 9.79796E-01
 1.02062E-02
 1.00000E+00
 1.09278E+00
 1.13624E-14
 9.73552E+00
 6.04043E-01
 9.92492E-01
 1.09116E+00
 5.33942E-03
 5.32351E-03
 1.04197E+00
 9.82137E-01
 1.03553E-02
 1.00943E+00
 1.11154E+00
 2.17881E-15
 1.46969E+01
 6.12930E-01
 9.84332E-01
 1.09908E+00
 2.36254E-03
 2.32766E-03
 1.03687E+00
 9.79796E-01
 4.53609E-03
 1.00000E+00
 1.09908E+00
 1.90264E-14
 1.46033E+01
 6.04037E-01
 9.86739E-01
 1.09764E+00
 2.37636E-03
 2.38326E-03
 1.04809E+00
 9.82137E-01
 4.60235E-03
 1.00943E+00
 1.11816E+00
 8.38912E-15
 1.46969E+01
 6.12930E-01
 9.84332E-01
 1.09908E+00
 2.36254E-03
 2.32766E-03
 1.03687E+00
 9.79796E-01
 4.53609E-03
 1.00000E+00
 1.09908E+00
 1.90264E-14
 1.46033E+01
 6.04037E-01
 9.86739E-01
 1.09764E+00
 2.37636E-03
 2.38326E-03
 1.04809E+00
 9.82137E-01
 4.60235E-03
 1.00943E+00
 1.11816E+00
 8.38912E-15
 1.46969E+01
 6.12930E-01
 9.84332E-01
 1.09908E+00
 2.36254E-03
 2.32766E-03
 1.03687E+00
 9.79796E-01
 4.53609E-03
 1.00000E+00
 1.09908E+00
 1.90264E-14
 1.46033E+01
 6.04037E-01
 9.86739E-01
 1.09764E+00
 2.37636E-03
 2.38326E-03
 1.04809E+00
 9.82137E-01
 4.60235E-03
 1.00943E+00
 1.11816E+00
 8.38912E-15
 1.46969E+01
 6.12930E-01
 9.84332E-01
 1.09908E+00
 2.36254E-03
 2.32766E-03
 1.03687E+00
 9.79796E-01
 4.53609E-03
 1.00000E+00
 1.09908E+00
 1.90264E-14
 1.46033E+01
 6.04037E-01
 9.86739E-01
 1.09764E+00
 2.37636E-03
 2.38326E-03
 1.04809E+00
 9.82137E-01
 4.60235E-03
 1.00943E+00
 1.11816E+00
 8.38912E-15
 1.95959E+01
 6.12930E-01
 9.82347E-01
 1.10130E+00
 1.32893E-03
 1.31195E-03
 1.03896E+00
 9.79796E-01
 2.55155E-03
 1.00000E+00
 1.10130E+00
 1.36280E-14
 1.94710E+01
 6.04035E-01
 9.84726E-01
 1.09993E+00
 1.33736E-03
 1.34401E-03
 1.05025E+00
 9.82137E-01
 2.58882E-03
 1.00943E+00
 1.12050E+00
-1.32012E-15
 1.95959E+01
 6.12930E-01
 9.82347E-01
 1.10130E+00
 1.32893E-03
 1.31195E-03
 1.03896E+00
 9.79796E-01
 2.55155E-03
 1.00000E+00
 1.10130E+00
 1.36280E-14
 1.94710E+01
 6.04035E-01
 9.84726E-01
 1.09993E+00
 1.33736E-03
 1.34401E-03
 1.05025E+00
 9.82137E-01
 2.58882E-03
 1.00943E+00
 1.12050E+00
-1.32012E-15
 1.95959E+01
 6.12930E-01
 9.82347E-01
 1.10130E+00
 1.32893E-03
 1.31195E-03
 1.03896E+00
 9.79796E-01
 2.55155E-03
 1.00000E+00
 1.10130E+00
 1.36280E-14
 1.94710E+01
 6.04035E-01
 9.84726E-01
 1.09993E+00
 1.33736E-03
 1.34401E-03
 1.05025E+00
 9.82137E-01
 2.58882E-03
 1.00943E+00
 1.12050E+00
-1.32012E-15
 1.95959E+01
 6.12930E-01
 9.82347E-01
 1.10130E+00
 1.32893E-03
 1.31195E-03
 1.03896E+00
 9.79796E-01
 2.55155E-03
 1.00000E+00
 1.10130E+00
 1.36280E-14
 1.94710E+01
 6.04035E-01
 9.84726E-01
 1.09993E+00
 1.33736E-03
 1.34401E-03
 1.05025E+00
 9.82137E-01
 2.58882E-03
 1.00943E+00
 1.12050E+00
-1.32012E-15
 3.17980E+00
 7.22968E-01
 1.04828E+00
 1.13500E+00
 5.18382E-02
 4.60607E-02
 1.00000E+00
 9.53939E-01
 9.43456E-02
 1.00000E+00
 1.13500E+00
-3.28904E-15
 3.14671E+00
 7.14469E-01
 1.05218E+00
 1.13229E+00
 5.15208E-02
 4.69355E-02
 1.01376E+00
 9.55949E-01
 9.62301E-02
 1.01199E+00
 1.15994E+00
-1.10745E-14
 3.17980E+00
 7.22968E-01
 1.04828E+00
 1.13500E+00
 5.18382E-02
 4.60607E-02
 1.00000E+00
 9.53939E-01
 9.43456E-02
 1.00000E+00
 1.13500E+00
-3.28904E-15
 3.14671E+00
 7.14469E-01
 1.05218E+00
 1.13229E+00
 5.15208E-02
 4.69355E-02
 1.01376E+00
 9.55949E-01
 9.62301E-02
 1.01199E+00
 1.15994E+00
-1.10745E-14
 3.17980E+00
 7.22968E-01
 1.04828E+00
 1.13500E+00
 5.18382E-02
 4.60607E-02
 1.00000E+00
 9.53939E-01
 9.43456E-02
 1.00000E+00
 1.13500E+00
-3.28904E-15
 3.14671E+00
 7.14469E-01
 1.05218E+00
 1.13229E+00
 5.15208E-02
 4.69355E-02
 1.01376E+00
 9.55949E-01
 9.62301E-02
 1.01199E+00
 1.15994E+00
-1.10745E-14
 3.17980E+00
 7.22968E-01
 1.04828E+00
 1.13500E+00
 5.18382E-02
 4.60607E-02
 1.00000E+00
 9.53939E-01
 9.43456E-02
 1.00000E+00
 1.13500E+00
-3.28904E-15
 3.14671E+00
 7.14469E-01
 1.05218E+00
 1.13229E+00
 5.15208E-02
 4.69355E-02
 1.01376E+00
 9.55949E-01
 9.62301E-02
 1.01199E+00
 1.15994E+00
-1.10745E-14
 6.35959E+00
 7.22968E-01
 9.77526E-01
 1.21716E+00
 1.29595E-02
 1.23487E-02
 1.07239E+00
 9.53939E-01
 2.35864E-02
 1.00000E+00
 1.21716E+00
-2.46470E-14
 6.29342E+00
 7.14384E-01
 9.80006E-01
 1.21792E+00
 1.29990E-02
 1.27358E-02
 1.08933E+00
 9.55949E-01
 2.40575E-02
 1.01199E+00
 1.24783E+00
-2.03951E-14
 6.35959E+00
 7.22968E-01
 9.77526E-01
 1.21716E+00
 1.29595E-02
 1.23487E-02
 1.07239E+00
 9.53939E-01
 2.35864E-02
 1.00000E+00
 1.21716E+00
-2.46470E-14
 6.29342E+00
 7.14384E-01
 9.80006E-01
 1.21792E+00
 1.29990E-02
 1.27358E-02
 1.08933E+00
 9.55949E-01
 2.40575E-02
 1.01199E+00
 1.24783E+00
-2.03951E-14
 6.35959E+00
 7.22968E-01
 9.77526E-01
 1.21716E+00
 1.29595E-02
 1.23487E-02
 1.07239E+00
 9.53939E-01
 2.35864E-02
 1.00000E+00
 1.21716E+00
-2.46470E-14
 6.29342E+00
 7.14384E-01
 9.80006E-01
 1.21792E+00
 1.29990E-02
 1.27358E-02
 1.08933E+00
 9.55949E-01
 2.40575E-02
 1.01199E+00
 1.24783E+00
-2.03951E-14
 6.35959E+00
 7.22968E-01
 9.77526E-01
 1.21716E+00
 1.29595E-02
 1.23487E-02
 1.07239E+00
 9.53939E-01
 2.35864E-02
 1.00000E+00
 1.21716E+00
-2.46470E-14
 6.29342E+00
 7.14384E-01
 9.80006E-01
 1.21792E+00
 1.29990E-02
 1.27358E-02
 1.08933E+00
 9.55949E-01
 2.40575E-02
 1.01199E+00
 1.24783E+00
-2.03951E-14
 9.53939E+00
 7.22968E-01
 9.64422E-01
 1.23370E+00
 5.75980E-03
 5.56289E-03
 1.08696E+00
 9.53939E-01
 1.04828E-02
 1.00000E+00
 1.23370E+00
-2.44492E-14
 9.44014E+00
 7.14367E-01
 9.66641E-01
 1.23523E+00
 5.78840E-03
 5.75162E-03
 1.10458E+00
 9.55949E-01
 1.06922E-02
 1.01199E+00
 1.26560E+00
 4.80518E-16
 9.53939E+00
 7.22968E-01
 9.64422E-01
 1.23370E+00
 5.75980E-03
 5.56289E-03
 1.08696E+00
 9.53939E-01
 1.04828E-02
 1.00000E+00
 1.23370E+00
-2.44492E-14
 9.44014E+00
 7.14367E-01
 9.66641E-01
 1.23523E+00
 5.78840E-03
 5.75162E-03
 1.10458E+00
 9.55949E-01
 1.06922E-02
 1.01199E+00
 1.26560E+00
 4.80518E-16
 9.53939E+00
 7.22968E-01
 9.64422E-01
 1.23370E+00
 5.75980E-03
 5.56289E-03
 1.08696E+00
 9.53939E-01
 1.04828E-02
 1.00000E+00
 1.23370E+00
-2.44492E-14
 9.44014E+00
 7.14367E-01
 9.66641E-01
 1.23523E+00
 5.78840E-03
 5.75162E-03
 1.10458E+00
 9.55949E-01
 1.06922E-02
 1.01199E+00
 1.26560E+00
 4.80518E-16
 9.53939E+00
 7.22968E-01
 9.64422E-01
 1.23370E+00
 5.75980E-03
 5.56289E-03
 1.08696E+00
 9.53939E-01
 1.04828E-02
 1.00000E+00
 1.23370E+00
-2.44492E-14
 9.44014E+00
 7.14367E-01
 9.66641E-01
 1.23523E+00
 5.78840E-03
 5.75162E-03
 1.10458E+00
 9.55949E-01
 1.06922E-02
 1.01199E+00
 1.26560E+00
 4.80518E-16
 1.27192E+01
 7.22968E-01
 9.59836E-01
 1.23959E+00
 3.23989E-03
 3.14408E-03
 1.09215E+00
 9.53939E-01
 5.89660E-03
 1.00000E+00
 1.23959E+00
-3.83200E-14
 1.25868E+01
 7.14361E-01
 9.61963E-01
 1.24140E+00
 3.25821E-03
 3.25365E-03
 1.11002E+00
 9.55949E-01
 6.01438E-03
 1.01199E+00
 1.27193E+00
-2.19234E-14
 1.27192E+01
 7.22968E-01
 9.59836E-01
 1.23959E+00
 3.23989E-03
 3.14408E-03
 1.09215E+00
 9.53939E-01
 5.89660E-03
 1.00000E+00
 1.23959E+00
-3.83200E-14
 1.25868E+01
 7.14361E-01
 9.61963E-01
 1.24140E+00
 3.25821E-03
 3.25365E-03
 1.11002E+00
 9.55949E-01
 6.01438E-03
 1.01199E+00
 1.27193E+00
-2.19234E-14
 1.27192E+01
 7.22968E-01
 9.59836E-01
 1.23959E+00
 3.23989E-03
 3.14408E-03
 1.09215E+00
 9.53939E-01
 5.89660E-03
 1.00000E+00
 1.23959E+00
-3.83200E-14
 1.25868E+01
 7.14361E-01
 9.61963E-01
 1.24140E+00
 3.25821E-03
 3.25365E-03
 1.11002E+00
 9.55949E-01
 6.01438E-03
 1.01199E+00
 1.27193E+00
-2.19234E-14
 1.27192E+01
 7.22968E-01
 9.59836E-01
 1.23959E+00
 3.23989E-03
 3.14408E-03
 1.09215E+00
 9.53939E-01
 5.89660E-03
 1.00000E+00
 1.23959E+00
-3.83200E-14
 1.25868E+01
 7.14361E-01
 9.61963E-01
 1.24140E+00
 3.25821E-03
 3.25365E-03
 1.11002E+00
 9.55949E-01
 6.01438E-03
 1.01199E+00
 1.27193E+00
-2.19234E-14
 2.29129E+00
 8.03496E-01
 1.09109E+00
 1.24000E+00
 1.03913E-01
 8.34847E-02
 1.00000E+00
 9.16515E-01
 1.74574E-01
 1.00000E+00
 1.24000E+00
 4.31426E-15
 2.25756E+00
 7.96033E-01
 1.09697E+00
 1.23670E+00
 1.03112E-01
 8.54209E-02
 1.01596E+00
 9.17919E-01
 1.79055E-01
 1.01456E+00
 1.27260E+00
-2.43989E-14
 2.29129E+00
 8.03496E-01
 1.09109E+00
 1.24000E+00
 1.03913E-01
 8.34847E-02
 1.00000E+00
 9.16515E-01
 1.74574E-01
 1.00000E+00
 1.24000E+00
 4.31426E-15
 2.25756E+00
 7.96033E-01
 1.09697E+00
 1.23670E+00
 1.03112E-01
 8.54209E-02
 1.01596E+00
 9.17919E-01
 1.79055E-01
 1.01456E+00
 1.27260E+00
-2.43989E-14
 2.29129E+00
 8.03496E-01
 1.09109E+00
 1.24000E+00
 1.03913E-01
 8.34847E-02
 1.00000E+00
 9.16515E-01
 1.74574E-01
 1.00000E+00
 1.24000E+00
 4.31426E-15
 2.25756E+00
 7.96033E-01
 1.09697E+00
 1.23670E+00
 1.03112E-01
 8.54209E-02
 1.01596E+00
 9.17919E-01
 1.79055E-01
 1.01456E+00
 1.27260E+00
-2.43989E-14
 2.29129E+00
 8.03496E-01
 1.09109E+00
 1.24000E+00
 1.03913E-01
 8.34847E-02
 1.00000E+00
 9.16515E-01
 1.74574E-01
 1.00000E+00
 1.24000E+00
 4.31426E-15
 2.25756E+00
 7.96033E-01
 1.09697E+00
 1.23670E+00
 1.03112E-01
 8.54209E-02
 1.01596E+00
 9.17919E-01
 1.79055E-01
 1.01456E+00
 1.27260E+00
-2.43989E-14
 4.58258E+00
 8.03496E-01
 9.60159E-01
 1.40909E+00
 2.59783E-02
 2.37173E-02
 1.13636E+00
 9.16515E-01
 4.36436E-02
 1.00000E+00
 1.40909E+00
-1.02175E-15
 4.51511E+00
 7.95876E-01
 9.62683E-01
 1.41496E+00
 2.60207E-02
 2.46756E-02
 1.16006E+00
 9.17919E-01
 4.47638E-02
 1.01456E+00
 1.45633E+00
-1.78260E-14
 4.58258E+00
 8.03496E-01
 9.60159E-01
 1.40909E+00
 2.59783E-02
 2.37173E-02
 1.13636E+00
 9.16515E-01
 4.36436E-02
 1.00000E+00
 1.40909E+00
-1.02175E-15
 4.51511E+00
 7.95876E-01
 9.62683E-01
 1.41496E+00
 2.60207E-02
 2.46756E-02
 1.16006E+00
 9.17919E-01
 4.47638E-02
 1.01456E+00
 1.45633E+00
-1.78260E-14
 4.58258E+00
 8.03496E-01
 9.60159E-01
 1.40909E+00
 2.59783E-02
 2.37173E-02
 1.13636E+00
 9.16515E-01
 4.36436E-02
 1.00000E+00
 1.40909E+00
-1.02175E-15
 4.51511E+00
 7.95876E-01
 9.62683E-01
 1.41496E+00
 2.60207E-02
 2.46756E-02
 1.16006E+00
 9.17919E-01
 4.47638E-02
 1.01456E+00
 1.45633E+00
-1.78260E-14
 4.58258E+00
 8.03496E-01
 9.60159E-01
 1.40909E+00
 2.59783E-02
 2.37173E-02
 1.13636E+00
 9.16515E-01
 4.36436E-02
 1.00000E+00
 1.40909E+00
-1.02175E-15
 4.51511E+00
 7.95876E-01
 9.62683E-01
 1.41496E+00
 2.60207E-02
 2.46756E-02
 1.16006E+00
 9.17919E-01
 4.47638E-02
 1.01456E+00
 1.45633E+00
-1.78260E-14
 6.87386E+00
 8.03496E-01
 9.35912E-01
 1.44560E+00
 1.15459E-02
 1.08141E-02
 1.16580E+00
 9.16515E-01
 1.93971E-02
 1.00000E+00
 1.44560E+00
-2.66280E-15
 6.77267E+00
 7.95842E-01
 9.37814E-01
 1.45378E+00
 1.15896E-02
 1.12932E-02
 1.19136E+00
 9.17919E-01
 1.98950E-02
 1.01456E+00
 1.49634E+00
-1.95833E-14
 6.87386E+00
 8.03496E-01
 9.35912E-01
 1.44560E+00
 1.15459E-02
 1.08141E-02
 1.16580E+00
 9.16515E-01
 1.93971E-02
 1.00000E+00
 1.44560E+00
-2.66280E-15
 6.77267E+00
 7.95842E-01
 9.37814E-01
 1.45378E+00
 1.15896E-02
 1.12932E-02
 1.19136E+00
 9.17919E-01
 1.98950E-02
 1.01456E+00
 1.49634E+00
-1.95833E-14
 6.87386E+00
 8.03496E-01
 9.35912E-01
 1.44560E+00
 1.15459E-02
 1.08141E-02
 1.16580E+00
 9.16515E-01
 1.93971E-02
 1.00000E+00
 1.44560E+00
-2.66280E-15
 6.77267E+00
 7.95842E-01
 9.37814E-01
 1.45378E+00
 1.15896E-02
 1.12932E-02
 1.19136E+00
 9.17919E-01
 1.98950E-02
 1.01456E+00
 1.49634E+00
-1.95833E-14
 6.87386E+00
 8.03496E-01
 9.35912E-01
 1.44560E+00
 1.15459E-02
 1.08141E-02
 1.16580E+00
 9.16515E-01
 1.93971E-02
 1.00000E+00
 1.44560E+00
-2.66280E-15
 6.77267E+00
 7.95842E-01
 9.37814E-01
 1.45378E+00
 1.15896E-02
 1.12932E-02
 1.19136E+00
 9.17919E-01
 1.98950E-02
 1.01456E+00
 1.49634E+00
-1.95833E-14
 9.16515E+00
 8.03496E-01
 9.27426E-01
 1.45882E+00
 6.49457E-03
 6.13858E-03
 1.17647E+00
 9.16515E-01
 1.09109E-02
 1.00000E+00
 1.45882E+00
 1.32359E-15
 9.03023E+00
 7.95830E-01
 9.29110E-01
 1.46787E+00
 6.52427E-03
 6.41934E-03
 1.20272E+00
 9.17919E-01
 1.11909E-02
 1.01456E+00
 1.51087E+00
-2.35888E-14
 9.16515E+00
 8.03496E-01
 9.27426E-01
 1.45882E+00
 6.49457E-03
 6.13858E-03
 1.17647E+00
 9.16515E-01
 1.09109E-02
 1.00000E+00
 1.45882E+00
 1.32359E-15
 9.03023E+00
 7.95830E-01
 9.29110E-01
 1.46787E+00
 6.52427E-03
 6.41934E-03
 1.20272E+00
 9.17919E-01
 1.11909E-02
 1.01456E+00
 1.51087E+00
-2.35888E-14
 9.16515E+00
 8.03496E-01
 9.27426E-01
 1.45882E+00
 6.49457E-03
 6.13858E-03
 1.17647E+00
 9.16515E-01
 1.09109E-02
 1.00000E+00
 1.45882E+00
 1.32359E-15
 9.03023E+00
 7.95830E-01
 9.29110E-01
 1.46787E+00
 6.52427E-03
 6.41934E-03
 1.20272E+00
 9.17919E-01
 1.11909E-02
 1.01456E+00
 1.51087E+00
-2.35888E-14
 9.16515E+00
 8.03496E-01
 9.27426E-01
 1.45882E+00
 6.49457E-03
 6.13858E-03
 1.17647E+00
 9.16515E-01
 1.09109E-02
 1.00000E+00
 1.45882E+00
 1.32359E-15
 9.03023E+00
 7.95830E-01
 9.29110E-01
 1.46787E+00
 6.52427E-03
 6.41934E-03
 1.20272E+00
 9.17919E-01
 1.11909E-02
 1.01456E+00
 1.51087E+00
-2.35888E-14
