 7.47752E-01
 3.58484E-01
 1.67468E+00
 1.43394E+00
 5.29659E-01
 4.77979E-01
 7.30457E-01
 3.49411E-01
 1.63267E+00
 1.39764E+00
 5.16509E-01
 4.65882E-01
 7.61981E-01
 3.73143E-01
 1.81209E+00
 1.49257E+00
 5.66182E-01
 4.97524E-01
 7.44175E-01
 3.63555E-01
 1.76613E+00
 1.45422E+00
 5.51994E-01
 4.84740E-01
 7.78765E-01
 3.79507E-01
 1.00369E+00
 7.59013E-01
 8.18581E-01
 7.59013E-01
 7.60522E-01
 3.69564E-01
 9.78044E-01
 7.39128E-01
 7.97584E-01
 7.39128E-01
 8.02292E-01
 4.03796E-01
 1.13180E+00
 8.07591E-01
 8.86388E-01
 8.07591E-01
 7.83236E-01
 3.93031E-01
 1.10261E+00
 7.86062E-01
 8.63372E-01
 7.86062E-01
 7.48030E-01
 3.58769E-01
 1.67599E+00
 1.43507E+00
 5.30027E-01
 4.78358E-01
 7.30782E-01
 3.49723E-01
 1.63411E+00
 1.39889E+00
 5.16917E-01
 4.66297E-01
 7.62110E-01
 3.73277E-01
 1.81270E+00
 1.49311E+00
 5.66355E-01
 4.97703E-01
 7.44353E-01
 3.63718E-01
 1.76688E+00
 1.45487E+00
 5.52209E-01
 4.84957E-01
 7.78867E-01
 3.79612E-01
 1.00400E+00
 7.59225E-01
 8.18775E-01
 7.59225E-01
 7.60674E-01
 3.69701E-01
 9.78430E-01
 7.39401E-01
 7.97842E-01
 7.39401E-01
 8.02337E-01
 4.03843E-01
 1.13194E+00
 8.07687E-01
 8.86476E-01
 8.07687E-01
 7.83334E-01
 3.93112E-01
 1.10284E+00
 7.86225E-01
 8.63530E-01
 7.86225E-01
 7.48410E-01
 3.59158E-01
 1.67778E+00
 1.43663E+00
 5.30531E-01
 4.78877E-01
 7.31172E-01
 3.50119E-01
 1.63593E+00
 1.40048E+00
 5.17430E-01
 4.66825E-01
 7.62310E-01
 3.73485E-01
 1.81366E+00
 1.49394E+00
 5.66623E-01
 4.97979E-01
 7.44562E-01
 3.63931E-01
 1.76786E+00
 1.45572E+00
 5.52485E-01
 4.85241E-01
 7.79019E-01
 3.79771E-01
 1.00446E+00
 7.59541E-01
 8.19066E-01
 7.59541E-01
 7.60837E-01
 3.69866E-01
 9.78911E-01
 7.39731E-01
 7.98146E-01
 7.39731E-01
 8.02409E-01
 4.03920E-01
 1.13216E+00
 8.07841E-01
 8.86617E-01
 8.07841E-01
 7.83416E-01
 3.93196E-01
 1.10308E+00
 7.86392E-01
 8.63684E-01
 7.86392E-01
 7.48829E-01
 3.59588E-01
 1.67977E+00
 1.43835E+00
 5.31089E-01
 4.79451E-01
 7.31596E-01
 3.50554E-01
 1.63794E+00
 1.40222E+00
 5.17993E-01
 4.67405E-01
 7.62563E-01
 3.73747E-01
 1.81486E+00
 1.49499E+00
 5.66962E-01
 4.98330E-01
 7.44819E-01
 3.64197E-01
 1.76908E+00
 1.45679E+00
 5.52829E-01
 4.85596E-01
 7.79204E-01
 3.79963E-01
 1.00502E+00
 7.59925E-01
 8.19418E-01
 7.59925E-01
 7.61026E-01
 3.70061E-01
 9.79482E-01
 7.40122E-01
 7.98504E-01
 7.40122E-01
 8.02505E-01
 4.04023E-01
 1.13246E+00
 8.08046E-01
 8.86804E-01
 8.08046E-01
 7.83516E-01
 3.93301E-01
 1.10338E+00
 7.86601E-01
 8.63877E-01
 7.86601E-01
 1.15115E+00
 5.79448E-01
 2.69288E+00
 2.31779E+00
 8.47199E-01
 7.72597E-01
 1.12816E+00
 5.66423E-01
 2.63307E+00
 2.26569E+00
 8.28602E-01
 7.55230E-01
 1.17973E+00
 6.08514E-01
 2.93249E+00
 2.43406E+00
 9.10598E-01
 8.11352E-01
 1.15581E+00
 5.94556E-01
 2.86638E+00
 2.37823E+00
 8.90344E-01
 7.92742E-01
 1.20737E+00
 6.25401E-01
 1.63025E+00
 1.25080E+00
 1.33351E+00
 1.25080E+00
 1.18281E+00
 6.10750E-01
 1.59324E+00
 1.22150E+00
 1.30302E+00
 1.22150E+00
 1.25349E+00
 6.72378E-01
 1.84839E+00
 1.34476E+00
 1.45452E+00
 1.34476E+00
 1.22747E+00
 6.56267E-01
 1.80590E+00
 1.31253E+00
 1.42071E+00
 1.31253E+00
 1.15129E+00
 5.79586E-01
 2.69351E+00
 2.31834E+00
 8.47379E-01
 7.72781E-01
 1.12823E+00
 5.66519E-01
 2.63350E+00
 2.26608E+00
 8.28722E-01
 7.55359E-01
 1.17979E+00
 6.08577E-01
 2.93277E+00
 2.43431E+00
 9.10680E-01
 8.11436E-01
 1.15579E+00
 5.94575E-01
 2.86645E+00
 2.37830E+00
 8.90362E-01
 7.92767E-01
 1.20742E+00
 6.25450E-01
 1.63038E+00
 1.25090E+00
 1.33360E+00
 1.25090E+00
 1.18278E+00
 6.10753E-01
 1.59326E+00
 1.22151E+00
 1.30302E+00
 1.22151E+00
 1.25351E+00
 6.72400E-01
 1.84845E+00
 1.34480E+00
 1.45456E+00
 1.34480E+00
 1.22741E+00
 6.56238E-01
 1.80582E+00
 1.31248E+00
 1.42064E+00
 1.31248E+00
 1.15148E+00
 5.79787E-01
 2.69441E+00
 2.31915E+00
 8.47639E-01
 7.73049E-01
 1.12841E+00
 5.66711E-01
 2.63437E+00
 2.26684E+00
 8.28970E-01
 7.55615E-01
 1.17988E+00
 6.08678E-01
 2.93323E+00
 2.43471E+00
 9.10810E-01
 8.11570E-01
 1.15587E+00
 5.94665E-01
 2.86686E+00
 2.37866E+00
 8.90477E-01
 7.92887E-01
 1.20749E+00
 6.25526E-01
 1.63059E+00
 1.25105E+00
 1.33374E+00
 1.25105E+00
 1.18284E+00
 6.10818E-01
 1.59345E+00
 1.22164E+00
 1.30314E+00
 1.22164E+00
 1.25355E+00
 6.72435E-01
 1.84855E+00
 1.34487E+00
 1.45463E+00
 1.34487E+00
 1.22743E+00
 6.56263E-01
 1.80589E+00
 1.31253E+00
 1.42069E+00
 1.31253E+00
 1.15171E+00
 5.80023E-01
 2.69548E+00
 2.32009E+00
 8.47947E-01
 7.73364E-01
 1.12863E+00
 5.66945E-01
 2.63543E+00
 2.26778E+00
 8.29274E-01
 7.55927E-01
 1.18001E+00
 6.08809E-01
 2.93382E+00
 2.43524E+00
 9.10980E-01
 8.11745E-01
 1.15599E+00
 5.94793E-01
 2.86743E+00
 2.37917E+00
 8.90642E-01
 7.93057E-01
 1.20759E+00
 6.25622E-01
 1.63086E+00
 1.25124E+00
 1.33392E+00
 1.25124E+00
 1.18293E+00
 6.10911E-01
 1.59370E+00
 1.22182E+00
 1.30331E+00
 1.22182E+00
 1.25359E+00
 6.72483E-01
 1.84868E+00
 1.34497E+00
 1.45472E+00
 1.34497E+00
 1.22747E+00
 6.56306E-01
 1.80601E+00
 1.31261E+00
 1.42077E+00
 1.31261E+00
 1.42102E+00
 7.35958E-01
 3.40971E+00
 2.94383E+00
 1.06971E+00
 9.81278E-01
 1.40743E+00
 7.27873E-01
 3.37282E+00
 2.91149E+00
 1.05826E+00
 9.70498E-01
 1.46162E+00
 7.77022E-01
 3.72762E+00
 3.10809E+00
 1.15374E+00
 1.03603E+00
 1.44737E+00
 7.68274E-01
 3.68656E+00
 3.07310E+00
 1.14120E+00
 1.02437E+00
 1.49689E+00
 8.02778E-01
 2.07544E+00
 1.60556E+00
 1.70115E+00
 1.60556E+00
 1.48224E+00
 7.93534E-01
 2.05244E+00
 1.58707E+00
 1.68207E+00
 1.58707E+00
 1.56171E+00
 8.68395E-01
 2.36109E+00
 1.73679E+00
 1.86384E+00
 1.73679E+00
 1.54602E+00
 8.58128E-01
 2.33452E+00
 1.71626E+00
 1.84251E+00
 1.71626E+00
 1.42108E+00
 7.36024E-01
 3.41000E+00
 2.94409E+00
 1.06979E+00
 9.81365E-01
 1.40887E+00
 7.28741E-01
 3.37679E+00
 2.91496E+00
 1.05949E+00
 9.71655E-01
 1.46165E+00
 7.77051E-01
 3.72775E+00
 3.10820E+00
 1.15378E+00
 1.03607E+00
 1.44883E+00
 7.69164E-01
 3.69075E+00
 3.07666E+00
 1.14247E+00
 1.02555E+00
 1.49692E+00
 8.02800E-01
 2.07550E+00
 1.60560E+00
 1.70119E+00
 1.60560E+00
 1.48372E+00
 7.94460E-01
 2.05477E+00
 1.58892E+00
 1.68398E+00
 1.58892E+00
 1.56172E+00
 8.68405E-01
 2.36112E+00
 1.73681E+00
 1.86386E+00
 1.73681E+00
 1.54759E+00
 8.59136E-01
 2.33716E+00
 1.71827E+00
 1.84461E+00
 1.71827E+00
 1.42118E+00
 7.36122E-01
 3.41044E+00
 2.94449E+00
 1.06992E+00
 9.81495E-01
 1.40925E+00
 7.29011E-01
 3.37801E+00
 2.91604E+00
 1.05986E+00
 9.72014E-01
 1.46169E+00
 7.77098E-01
 3.72796E+00
 3.10839E+00
 1.15384E+00
 1.03613E+00
 1.44917E+00
 7.69390E-01
 3.69180E+00
 3.07756E+00
 1.14279E+00
 1.02585E+00
 1.49695E+00
 8.02836E-01
 2.07560E+00
 1.60567E+00
 1.70126E+00
 1.60567E+00
 1.48406E+00
 7.94680E-01
 2.05533E+00
 1.58936E+00
 1.68443E+00
 1.58936E+00
 1.56173E+00
 8.68421E-01
 2.36116E+00
 1.73684E+00
 1.86389E+00
 1.73684E+00
 1.54792E+00
 8.59355E-01
 2.33774E+00
 1.71871E+00
 1.84506E+00
 1.71871E+00
 1.42130E+00
 7.36242E-01
 3.41098E+00
 2.94497E+00
 1.07008E+00
 9.81656E-01
 1.40948E+00
 7.29202E-01
 3.37887E+00
 2.91681E+00
 1.06011E+00
 9.72269E-01
 1.46175E+00
 7.77161E-01
 3.72824E+00
 3.10865E+00
 1.15393E+00
 1.03622E+00
 1.44934E+00
 7.69521E-01
 3.69240E+00
 3.07808E+00
 1.14297E+00
 1.02603E+00
 1.49699E+00
 8.02882E-01
 2.07572E+00
 1.60576E+00
 1.70135E+00
 1.60576E+00
 1.48421E+00
 7.94796E-01
 2.05563E+00
 1.58959E+00
 1.68466E+00
 1.58959E+00
 1.56175E+00
 8.68443E-01
 2.36122E+00
 1.73689E+00
 1.86393E+00
 1.73689E+00
 1.54806E+00
 8.59452E-01
 2.33799E+00
 1.71890E+00
 1.84526E+00
 1.71890E+00
 1.61768E+00
 8.54112E-01
 3.94864E+00
 3.41645E+00
 1.23662E+00
 1.13882E+00
 1.60608E+00
 8.46987E-01
 3.91627E+00
 3.38795E+00
 1.22659E+00
 1.12932E+00
 1.66827E+00
 9.05109E-01
 4.32854E+00
 3.62044E+00
 1.33707E+00
 1.20681E+00
 1.65603E+00
 8.97354E-01
 4.29234E+00
 3.58942E+00
 1.32602E+00
 1.19647E+00
 1.70928E+00
 9.38119E-01
 2.41188E+00
 1.87624E+00
 1.98007E+00
 1.87624E+00
 1.69668E+00
 9.29895E-01
 2.39161E+00
 1.85979E+00
 1.96317E+00
 1.85979E+00
 1.78952E+00
 1.01906E+00
 2.75031E+00
 2.03812E+00
 2.17624E+00
 2.03812E+00
 1.77594E+00
 1.00987E+00
 2.72680E+00
 2.01974E+00
 2.15725E+00
 2.01974E+00
 1.61771E+00
 8.54143E-01
 3.94877E+00
 3.41657E+00
 1.23666E+00
 1.13886E+00
 1.60753E+00
 8.47861E-01
 3.92027E+00
 3.39144E+00
 1.22783E+00
 1.13048E+00
 1.66828E+00
 9.05124E-01
 4.32860E+00
 3.62049E+00
 1.33708E+00
 1.20683E+00
 1.65754E+00
 8.98279E-01
 4.29670E+00
 3.59312E+00
 1.32734E+00
 1.19771E+00
 1.70929E+00
 9.38129E-01
 2.41191E+00
 1.87626E+00
 1.98009E+00
 1.87626E+00
 1.69821E+00
 9.30865E-01
 2.39404E+00
 1.86173E+00
 1.96517E+00
 1.86173E+00
 1.78952E+00
 1.01907E+00
 2.75032E+00
 2.03813E+00
 2.17625E+00
 2.03813E+00
 1.77757E+00
 1.01094E+00
 2.72959E+00
 2.02188E+00
 2.15947E+00
 2.02188E+00
 1.61775E+00
 8.54190E-01
 3.94898E+00
 3.41676E+00
 1.23672E+00
 1.13892E+00
 1.60788E+00
 8.48091E-01
 3.92131E+00
 3.39237E+00
 1.22815E+00
 1.13079E+00
 1.66831E+00
 9.05146E-01
 4.32870E+00
 3.62058E+00
 1.33711E+00
 1.20686E+00
 1.65788E+00
 8.98497E-01
 4.29772E+00
 3.59399E+00
 1.32765E+00
 1.19800E+00
 1.70930E+00
 9.38146E-01
 2.41196E+00
 1.87629E+00
 1.98012E+00
 1.87629E+00
 1.69855E+00
 9.31087E-01
 2.39460E+00
 1.86217E+00
 1.96562E+00
 1.86217E+00
 1.78953E+00
 1.01907E+00
 2.75034E+00
 2.03815E+00
 2.17626E+00
 2.03815E+00
 1.77793E+00
 1.01117E+00
 2.73021E+00
 2.02235E+00
 2.15996E+00
 2.02235E+00
 1.61781E+00
 8.54250E-01
 3.94925E+00
 3.41700E+00
 1.23680E+00
 1.13900E+00
 1.60805E+00
 8.48221E-01
 3.92189E+00
 3.39288E+00
 1.22832E+00
 1.13096E+00
 1.66833E+00
 9.05176E-01
 4.32883E+00
 3.62070E+00
 1.33715E+00
 1.20690E+00
 1.65802E+00
 8.98599E-01
 4.29819E+00
 3.59440E+00
 1.32779E+00
 1.19813E+00
 1.70932E+00
 9.38168E-01
 2.41201E+00
 1.87634E+00
 1.98016E+00
 1.87634E+00
 1.69869E+00
 9.31184E-01
 2.39484E+00
 1.86237E+00
 1.96582E+00
 1.86237E+00
 1.78954E+00
 1.01908E+00
 2.75037E+00
 2.03817E+00
 2.17628E+00
 2.03817E+00
 1.77807E+00
 1.01127E+00
 2.73045E+00
 2.02253E+00
 2.16015E+00
 2.02253E+00
